101	0	0.138955	0.056302	44.1333	0.7	8
102	0	0.130478	0.0525995	44.4667	0.7	0
103	1	0.126532	0.0434275	44.8333	3.26667	7
104	2	0.118331	0.0588363	45.2333	4.13333	7
105	0	0.125851	0.0466103	45.5667	0.7	7
106	5	0.126015	0.0458597	45.8667	6.13333	7
107	2	0.107024	0.0601009	46.1333	4.13333	8
108	5	0.109488	0.0405282	46.3667	6.13333	8
109	2	0.110469	0.0585619	46.6	4.13333	7
110	8	0.129769	0.0551113	46.8667	7.83333	7
111	8	0.108136	0.0600229	47.1333	7.83333	7
112	5	0.121135	0.0585233	47.4	6.13333	0
113	5	0.120816	0.0557359	47.6333	6.13333	7
114	7	0.12515	0.0538518	47.9	7.26667	8
115	8	0.114063	0.0521692	48.1333	7.83333	8
116	13	0.118101	0.0795789	48.3667	11.3	7
117	13	0.116099	0.0657738	48.6	11.3	7
118	6	0.134445	0.0634723	48.8333	6.7	7
119	14	0.128556	0.0613781	49.0667	11.7667	7
120	13	0.131581	0.0625076	49.3333	11.3	8
121	2	0.111578	0.0649578	49.6333	4.13333	8
122	14	0.127903	0.0668533	49.9333	11.7667	11
123	15	0.126011	0.0677552	50.2333	12.3333	8
124	22	0.136278	0.0651597	50.4667	16.3333	8
125	18	0.115615	0.0564048	50.7	14	8
126	14	0.121924	0.0683478	50.9333	11.7667	7
127	15	0.122782	0.0676939	51.1	12.3333	7
128	14	0.122693	0.0706436	51.3	11.7667	7
129	16	0.118812	0.0563904	51.5	12.9	9
130	17	0.124739	0.0603784	51.7	13.5	8
131	25	0.131282	0.0614293	51.9333	17.6	7
132	29	0.130427	0.0617715	52.2	19.8333	8
133	13	0.124721	0.0698813	52.4333	11.3	8
134	23	0.12941	0.0617809	52.6667	16.7667	8
135	18	0.138871	0.0653468	52.9	14	7
136	23	0.13231	0.0658572	53.1	16.7667	7
137	14	0.122458	0.0605319	53.3333	11.7667	7
138	3	0.127727	0.055422	53.5667	4.86667	9
139	17	0.118454	0.0577499	53.9	13.5	7
140	15	0.101343	0.0703184	54.2333	12.3333	7
141	39	0.116511	0.0550371	54.5333	26.1	8
142	24	0.117643	0.06531	54.8667	17.1333	7
143	23	0.121227	0.0654179	55.1667	16.7667	8
144	40	0.127736	0.0684991	55.5	26.5667	8
145	41	0.122906	0.0654412	55.8	26.9333	8
146	43	0.124228	0.0670423	56.0667	26.9333	9
147	45	0.138271	0.0685512	56.3	27.7667	11
148	46	0.116481	0.0707532	56.5333	28.8	8
149	40	0.136676	0.0755049	56.8333	26.5667	8
150	47	0.115266	0.0793628	57.1	29.1667	8
151	46	0.128506	0.0703131	57.3667	28.1	11
152	45	0.117674	0.0631714	57.6	27.7667	11
153	48	0.118059	0.0743322	57.9	29.5	11
154	43	0.114612	0.0727135	58.3333	26.9333	13
155	39	0.132692	0.0696752	58.8333	26.1	10
156	47	0.119846	0.0786763	59.3333	28.4333	11
157	51	0.111765	0.08037	59.8	29.8	11
158	57	0.118664	0.0700444	60.2	31.6	13
159	46	0.118311	0.0696946	60.6333	28.1	10
160	59	0.13099	0.0769594	61.0333	32.2	11
161	59	0.116487	0.0757482	61.4	32.2	9
162	44	0.11617	0.0763941	61.8333	27.3333	9
163	43	0.111169	0.0705793	62.3	27.7667	9
164	60	0.127113	0.0754922	62.6667	32.5667	11
165	42	0.133365	0.0779461	63.0667	27.3333	10
166	44	0.130007	0.0761347	63.3667	27.3333	8
167	46	0.12351	0.0711179	63.7	28.1	11
168	42	0.116071	0.0710386	64.0667	27.3333	10
169	45	0.132911	0.0773946	64.3333	27.7667	9
170	58	0.124485	0.0766662	64.6333	31.9	10
171	58	0.125775	0.0755682	64.9333	31.9	11
172	55	0.115502	0.070551	65.2667	31.0667	9
173	40	0.118319	0.0682739	65.5667	25.4667	10
174	54	0.13174	0.0730968	65.8667	30.7667	10
175	48	0.119532	0.0686982	66.2333	29.5	9
176	63	0.110438	0.0677531	66.7667	33.6667	11
177	44	0.113866	0.0722082	67.3333	27.3333	11
178	39	0.106113	0.0683125	67.9667	26.1	10
179	40	0.118692	0.071824	68.4	26.5667	9
180	45	0.11168	0.0697844	68.9	27.7667	11
181	41	0.2047	0.0722822	69	26.9333	10
182	54	0.289926	0.072021	69.0333	31.3667	10
183	58	0.319395	0.0754938	69.0667	32.5667	10
184	55	0.190882	0.0725605	69.2	31.6	9
185	40	0.234413	0.0766027	69.2667	26.5667	10
186	84	0.132669	0.079645	69.6667	40.3333	11
187	41	0.136925	0.0689638	69.9333	26.9333	11
188	59	0.132301	0.0666556	70.3667	32.2	12
189	42	0.123551	0.0712312	70.7667	27.3333	10
190	41	0.141082	0.0781105	71.3	26.9333	10
191	59	0.128475	0.0730369	71.8333	32.2	10
192	44	0.143447	0.0748662	72.3333	27.3333	10
193	58	0.126625	0.078196	72.7	32.5667	10
194	55	0.14183	0.0761442	73.1333	31.0667	11
195	39	0.140047	0.0786839	73.5333	26.1	10
196	41	0.136938	0.0815087	73.9	26.9333	10
197	42	0.146431	0.082765	74.2	27.3333	10
198	39	0.145208	0.0814404	74.5667	26.1	10
199	22	0.168512	0.0628794	74.9333	15.2	12
200	6	0.144177	0.0675098	75.7	6.7	11
201	27	0.118458	0.0562816	76.6667	17.6	10
202	30	0.121531	0.0501643	78.2	19.0667	12
203	11	0.132792	0.0588885	80.1	9.3	11
204	38	0.121695	0.0640097	81.9	25.4667	10
205	34	0.124596	0.058723	83.1	21.7667	10
206	39	0.159826	0.0485489	84.1	26.1	11
207	27	0.132808	0.0477459	85.4	17.6	13
208	33	0.10912	0.0521354	86.5	22.1667	12
209	35	0.105049	0.0539037	88	23.4	10
210	30	0.0915841	0.0556075	89.3333	19.0667	11
211	14	0.0903455	0.0545334	90.6333	10.8667	10
212	16	0.10931	0.0624824	91.4333	11.7667	9
213	22	0.112438	0.0591967	92.1667	15.2	11
214	29	0.106467	0.0635512	92.8	19.8333	11
215	5	0.0957258	0.0561938	93.5667	6.13333	9
216	2	0.0999924	0.0690994	94.3	4.13333	9
217	40	0.106015	0.0743787	95.1333	26.5667	9
218	13	0.120127	0.0748769	95.7333	11.3	7
219	41	0.125175	0.0792027	96.4	26.9333	9
220	103	0.108653	0.075532	96.9667	44.8333	8
221	113	0.142112	0.0820467	97.4	48.1333	8
222	109	0.124667	0.0805021	97.8	47.1333	7
223	112	0.110107	0.0803986	98.1667	47.9	8
224	111	0.121285	0.0913146	98.5	47.6333	8
225	118	0.115926	0.0785336	98.8333	49.3333	9
226	123	0.117006	0.0893332	99.1	50.7	8
227	102	0.130012	0.082023	99.4333	45.2333	7
228	119	0.118599	0.0852958	99.7333	49.0667	7
229	110	0.137239	0.0887962	100.067	47.4	8
230	108	0.123547	0.0801283	100.4	46.8667	8
231	90	0.127351	0.0801305	100.7	41.8667	8
232	112	0.131833	0.084539	101.033	47.9	8
233	128	0.129822	0.0881641	101.367	51.7	8
234	95	0.141011	0.0942199	101.667	42.4667	9
235	128	0.114978	0.079855	102.033	51.3	9
236	112	0.118293	0.0916634	102.3	47.4	7
237	44	0.111442	0.07641	102.533	27.3333	9
238	113	0.102077	0.0814955	102.833	47.6333	9
239	127	0.115234	0.0805257	103.1	51.5	8
240	128	0.118492	0.0845899	103.4	51.3	7
241	116	0.114663	0.0779584	103.7	48.3667	8
242	124	0.0989102	0.0863222	104	50.9333	8
243	140	0.1027	0.0775847	104.3	54.8667	8
244	122	0.109548	0.0830077	104.567	50.4667	8
245	109	0.0938515	0.0726776	104.9	47.1333	8
246	137	0.0950891	0.0781142	105.233	53.9	10
247	109	0.104856	0.080668	105.6	47.1333	8
248	111	0.115816	0.0810491	105.967	47.1333	8
249	145	0.101561	0.0917805	106.367	55.8	8
250	105	0.108835	0.0785626	106.7	45.5667	8
251	127	0.110467	0.0843399	107.067	51.1	8
252	104	0.112975	0.0814262	107.4	45.2333	8
253	132	0.10213	0.0871824	107.7	52.2	8
254	127	0.107537	0.0853723	108	51.5	8
255	151	0.122499	0.0919348	108.267	57.3667	7
256	123	0.108519	0.0886179	108.533	50.2333	8
257	125	0.11827	0.0915396	108.767	50.7	9
258	113	0.110496	0.0922455	109.033	48.1333	7
259	123	0.116258	0.0955423	109.333	50.7	8
260	126	0.140295	0.0848311	109.6	51.3	8
261	53	0.118103	0.0856718	109.833	30.4667	8
262	134	0.127117	0.0866662	110.1	53.1	8
263	109	0.130759	0.0865104	110.333	47.1333	8
264	114	0.130211	0.0852282	110.6	48.3667	8
265	107	0.128387	0.085271	110.833	46.6	8
266	134	0.114581	0.0772416	111.167	53.1	9
267	164	0.115322	0.0857393	111.467	62.6667	7
268	46	0.119633	0.0770906	111.8	28.1	8
269	143	0.123475	0.0836702	112.1	55.8	7
270	151	0.116088	0.0750433	112.433	57.3667	8
271	123	0.125746	0.0760307	112.8	50.7	8
272	59	0.130491	0.0694804	113.1	32.2	9
273	155	0.114857	0.0681758	113.433	58.8333	8
274	161	0.122966	0.0654325	113.933	61.4	7
275	43	0.136398	0.057185	114.7	26.9333	9
276	59	0.144464	0.0606111	115.8	32.9333	7
277	51	0.134237	0.0682517	116.8	30.4667	8
278	53	0.143747	0.066002	117.667	31.0667	10
279	143	0.139175	0.062506	118.433	55.1667	7
280	65	0.145392	0.0702572	119.2	35.3667	7
281	138	0.161184	0.067543	119.933	54.2333	8
282	58	0.154921	0.063006	120.6	32.5667	8
283	111	0.15305	0.0686083	121.267	47.6333	8
284	102	0.1445	0.0741202	121.933	45.2333	7
285	126	0.151418	0.085394	122.5	50.9333	8
286	65	0.145005	0.0696107	123.033	34.5333	7
287	173	0.152624	0.0882549	123.6	66.2333	7
288	167	0.140138	0.0839409	124.133	63.7	7
289	124	0.154152	0.0866852	124.633	50.4667	8
290	113	0.161444	0.0868161	125.1	47.6333	8
291	174	0.155884	0.0844237	125.433	66.7667	9
292	98	0.162631	0.0800973	125.733	43.2	8
293	102	0.179297	0.0798605	126	45.2333	7
294	127	0.171888	0.0740971	126.267	51.1	7
295	144	0.172846	0.080657	126.5	55.5	7
296	47	0.191793	0.0725024	126.733	28.4333	7
297	125	0.181677	0.0655889	126.967	51.1	7
298	132	0.176226	0.0672771	127.233	52.6667	8
299	102	0.159132	0.0683086	127.5	45.2333	7
300	53	0.163559	0.059296	127.8	31.0667	7
301	123	0.160015	0.0599219	128.067	50.7	7
302	190	0.182344	0.055364	128.3	71.3	8
303	108	0.180292	0.0518553	128.567	46.8667	8
304	102	0.163746	0.0527105	128.833	45.2333	7
305	38	0.166595	0.039686	129.2	24.3	8
306	201	0.181504	0.0375335	129.733	76.6667	10
307	198	0.188282	0.0371573	130.333	74.5667	7
308	206	0.167008	0.0271134	130.933	84.1	8
309	51	0.117855	0.0270576	131.6	30.4667	9
310	205	0.0957083	0.0294428	132.2	85.4	7
311	199	0.125081	0.0303993	132.667	74.9333	9
312	29	0.110125	0.028746	133.067	18.4333	10
313	51	0.103046	0.0308118	133.533	30.4667	9
314	178	0.0954538	0.0291009	134.067	68.9	8
315	58	0.0927623	0.0306315	134.533	32.5667	8
316	193	0.0938311	0.0332358	134.967	72.7	10
317	85	0.0797424	0.0358323	135.767	41	11
318	137	0.103989	0.0509876	137.467	53.9	8
319	155	0.11092	0.0470098	139.167	59.8	9
320	160	0.104614	0.0376282	141.267	61.8333	8
321	204	0.10698	0.0308958	144.7	84.1	10
322	202	0.109611	0.0273984	147.8	78.2	9
323	203	0.0879432	0.024573	150.467	80.1	8
324	145	0.0586037	0.0341156	153.267	56.3	9
325	159	0.0876929	0.0383958	155.167	61.4	8
326	159	0.112946	0.0387439	157.1	61.4	10
327	42	0.112737	0.0391533	159	27.3333	8
328	24	0.123874	0.0319224	160.3	17.1333	8
329	197	0.116045	0.0348006	161.867	74.9333	8
330	93	0.106652	0.0331727	163.2	42.0333	8
331	120	0.11468	0.0335023	164.533	49.9333	8
332	120	0.111011	0.0325828	165.9	49.9333	9
333	120	0.127286	0.0338893	167.333	49.9333	10
334	145	0.117467	0.0311882	168.5	56.3	8
335	142	0.128881	0.0231851	169.9	55.5	8
336	117	0.102855	0.0177699	172.167	49.0667	8
337	199	0.196888	0.0186111	173.2	76.6667	8
338	190	0.0939464	0.0242378	176.467	72.3333	9
339	165	0.344006	0.0214772	176.533	63.7	10
340	57	0.0801172	0.0301916	179.267	32.2	8
341	205	0.16232	0.0321172	180.067	85.4	8
342	59	0.108206	0.0339837	182.033	32.9333	8
343	35	0.151829	0.0382105	183.3	23.4	9
344	140	0.174602	0.0369418	184.333	54.8667	9
345	37	0.139783	0.0379226	185.533	24.9667	9
346	57	0.180411	0.0428748	186.4	32.2	7
347	46	0.160606	0.0392622	187.533	28.8	8
348	148	0.14663	0.0500363	188.667	57.1	10
349	48	0.156038	0.0444105	189.6	29.5	9
350	188	0.175883	0.0413022	190.367	70.3667	8
351	191	0.168935	0.0436612	191.133	71.8333	8
352	238	0.17927	0.0383788	191.8	103.4	8
353	194	0.178887	0.0367237	192.567	73.1333	9
354	248	0.176352	0.0380807	193.4	106.7	8
355	0	0.145842	0.0382249	194.4	0.7	13
356	7	0.155717	0.0427275	195.3	7.26667	12
357	1	0.121579	0.0394898	196.033	3.26667	12
358	34	0.0953183	0.0580446	196.967	22.8	12
359	3	0.12494	0.0549697	197.633	4.86667	18
360	11	0.094215	0.0544943	198.333	9.3	15
361	1	0.118912	0.061498	199.267	3.26667	28
362	0	0.0886526	0.0774432	201.4	0.7	36
363	3	0.126341	0.0767001	203.933	4.86667	25
364	0	0.119574	0.0906003	206.1	0.7	52
365	0	0.10724	0.109045	208.267	0.7	111
366	0	0.134796	0.122482	209.767	0.7	227
367	1	0.124885	0.112256	210.9	3.26667	238
368	1	0.118074	0.150682	211.8	3.26667	350
369	2	0.132178	0.141327	212.433	4.13333	304
370	3	0.141742	0.111794	213.167	4.86667	272
371	5	0.122228	0.13172	214	6.13333	293
372	6	0.12831	0.136408	214.9	6.7	293
373	7	0.134221	0.130011	215.567	7.26667	248
374	9	0.148416	0.136545	216.233	8.36667	249
375	10	0.128786	0.141926	216.867	8.83333	272
376	11	0.113674	0.131924	217.467	9.3	242
377	11	0.119662	0.128462	218.133	9.3	219
378	12	0.123665	0.114812	218.733	9.86667	230
379	15	0.126918	0.111272	219.233	11.3	218
380	14	0.133305	0.129251	219.833	10.8667	217
381	16	0.122369	0.126448	220.467	11.7667	220
382	17	0.117323	0.128802	221.033	12.3333	233
383	18	0.12303	0.141545	221.7	12.9	241
384	19	0.13146	0.112738	222.433	13.5	270
385	20	0.148538	0.131904	223.067	14	284
386	21	0.121125	0.15713	223.7	14.5667	322
387	22	0.135128	0.150768	224.367	15.2	273
388	23	0.128167	0.1514	225.033	15.8	280
389	24	0.111649	0.166672	225.767	16.3333	315
390	25	0.122291	0.141846	226.3	16.7667	296
391	26	0.117876	0.154665	226.867	17.1333	293
392	27	0.136779	0.149273	227.4	17.6	276
393	28	0.130689	0.164809	227.933	17.9667	285
394	29	0.119777	0.141728	228.533	18.4333	247
395	29	0.13497	0.145558	229.1	18.4333	185
396	30	0.134591	0.133433	229.8	19.0667	209
397	31	0.150171	0.164825	230.467	19.8333	228
398	32	0.130276	0.124959	231.167	20.5667	177
399	33	0.111042	0.110866	231.867	21.2667	166
400	33	0.11034	0.123972	232.533	21.2667	198
401	35	0.0956637	0.111006	233.233	22.1667	260
402	36	0.117403	0.13631	234	22.8	254
403	37	0.110115	0.120763	235.233	23.4	237
404	39	0.0884386	0.135713	236.567	24.9667	341
405	40	0.130626	0.134955	237.3	25.4667	322
406	41	0.125129	0.123225	238.067	26.1	300
407	41	0.122016	0.118903	238.733	26.1	298
408	42	0.115538	0.119993	239.367	26.5667	260
409	43	0.127221	0.116427	239.833	26.9333	242
410	44	0.133945	0.116968	240.133	27.3333	151
411	44	0.122831	0.128525	240.467	27.3333	238
412	45	0.120784	0.128952	240.867	27.7667	319
413	46	0.122001	0.126588	241.333	28.1	234
414	47	0.13739	0.112049	241.733	28.4333	176
415	48	0.109951	0.0927392	242.133	28.8	133
416	49	0.132796	0.0933581	242.9	29.1667	126
417	50	0.147982	0.0936406	243.8	29.5	98
418	50	0.146642	0.0866834	244.7	30.1667	79
419	57	0.143633	0.0780272	245.533	31.6	85
420	55	0.143303	0.084212	246.3	31.6	98
421	57	0.14474	0.0892375	247.133	32.2	130
422	59	0.141522	0.0905492	247.967	32.9333	121
423	61	0.147022	0.109671	248.767	33.6667	130
424	64	0.12493	0.0929396	249.7	34.1333	120
425	65	0.122242	0.0860743	250.433	34.5333	95
426	67	0.131521	0.0977526	251.1	35.3667	102
427	66	0.128027	0.0896323	251.767	34.9667	82
428	68	0.12316	0.0785146	252.433	35.7667	90
429	69	0.116192	0.0830359	253.033	36.1667	88
430	71	0.119081	0.0777199	253.5	36.9333	101
431	72	0.108613	0.0792959	253.933	37.3	112
432	72	0.111177	0.0836897	254.3	37.3	95
433	74	0.113465	0.0679421	254.667	37.9333	125
434	75	0.116907	0.0720756	255.033	38.2	141
435	76	0.117411	0.0826505	255.367	38.4333	195
436	76	0.13463	0.0848328	255.533	38.4333	199
437	77	0.109561	0.0720896	255.8	38.7333	189
438	78	0.112365	0.0744013	256.033	38.9667	230
439	77	0.092791	0.0745876	256.3	39.2333	199
440	78	0.105406	0.0794356	256.5	39.4333	161
441	79	0.110202	0.074962	256.767	39.6333	151
442	80	0.107355	0.0672501	257.033	39.8667	147
443	290	0.0981235	0.0799232	257.3	125.1	7
444	232	0.109184	0.0709588	257.533	101.033	8
445	294	0.129056	0.0781086	257.767	126.733	8
446	278	0.0997613	0.0745972	257.967	119.2	8
447	296	0.124353	0.0716777	258.133	126.733	11
448	290	0.0934462	0.0805554	258.333	125.1	7
449	290	0.0994844	0.0712043	258.533	125.1	10
450	87	0.0929075	0.0816018	258.733	41.3333	110
451	101	0.109631	0.0757621	258.933	44.8333	11
452	90	0.115061	0.0697474	259.1	41.8667	53
453	89	0.0949112	0.0852231	259.3	41.7	74
454	90	0.0981406	0.0842379	259.467	41.8667	78
455	103	0.104826	0.0822871	259.633	45.5667	11
456	90	0.0988544	0.0886833	259.833	41.8667	37
457	106	0.117482	0.0902859	260	46.3667	16
458	101	0.125545	0.0865704	260.167	44.8333	11
459	97	0.120363	0.0807543	260.333	42.9333	18
460	115	0.122673	0.0810283	260.533	48.6	10
461	95	0.135342	0.0859855	260.733	42.4667	15
462	97	0.119598	0.0871886	260.9	42.9333	48
463	97	0.122758	0.0880155	261.067	42.9333	37
464	100	0.129549	0.0854942	261.2	44.4667	24
465	146	0.130422	0.0821412	261.367	56.0667	8
466	97	0.114393	0.0781303	261.533	43.5333	46
467	112	0.122848	0.0724963	261.733	47.9	8
468	101	0.109688	0.077603	261.9	44.8333	12
469	109	0.11849	0.0841593	262.067	47.1333	12
470	106	0.122622	0.0805435	262.233	46.3667	10
471	101	0.135486	0.0747074	262.367	44.8333	20
472	103	0.114995	0.079376	262.533	45.5667	14
473	100	0.134219	0.0737238	262.7	44.4667	47
474	52	0.113251	0.0704112	262.867	30.7667	13
475	103	0.11841	0.0763588	263.033	45.5667	23
476	101	0.126921	0.0764935	263.2	44.8333	60
477	101	0.12076	0.0769215	263.367	44.8333	61
478	103	0.107083	0.0691511	263.533	45.5667	33
479	101	0.124371	0.0658474	263.667	44.8333	43
480	102	0.133917	0.0762353	263.8	45.2333	73
481	102	0.111609	0.0720945	263.967	45.2333	58
482	103	0.114219	0.0754524	264.133	45.5667	109
483	105	0.123432	0.0790506	264.3	46.1333	64
484	104	0.125634	0.0730689	264.5	45.8667	105
485	104	0.131277	0.0788717	264.667	45.8667	111
486	104	0.12684	0.0806274	264.9	45.8667	72
487	106	0.121702	0.0834315	265.167	46.3667	93
488	106	0.134341	0.0919386	265.367	46.3667	78
489	107	0.125312	0.100765	265.633	46.6	58
490	108	0.131649	0.0941215	265.833	46.8667	48
491	108	0.11992	0.106934	266	46.8667	64
492	109	0.140918	0.0917435	266.167	47.1333	67
493	109	0.128761	0.0977296	266.333	47.1333	67
494	109	0.126743	0.0942718	266.5	47.1333	54
495	112	0.139819	0.094076	266.667	47.9	43
496	111	0.123894	0.093969	266.867	47.6333	48
497	112	0.144174	0.0996849	267.033	47.9	54
498	112	0.129158	0.102112	267.2	47.9	52
499	113	0.128865	0.0928669	267.4	48.1333	56
500	114	0.118442	0.0884853	267.633	48.3667	59
501	115	0.136295	0.0833653	267.867	48.6	63
502	115	0.119958	0.0935027	268.067	48.6	56
503	115	0.122605	0.0774799	268.267	48.6	56
504	115	0.119024	0.0827025	268.467	48.6	51
505	119	0.125433	0.0772083	268.633	49.0667	50
506	118	0.11248	0.082421	268.833	48.8333	39
507	114	0.115788	0.0766627	269.033	48.3667	26
508	118	0.123822	0.0747844	269.233	48.8333	20
509	119	0.111491	0.0678269	269.433	49.0667	28
510	123	0.138343	0.0721704	269.6	50.2333	25
511	126	0.144936	0.0731742	269.767	51.3	16
512	123	0.148744	0.0745158	269.933	50.2333	50
513	128	0.124048	0.0770512	270.1	51.7	20
514	123	0.129839	0.0762432	270.3	50.2333	49
515	130	0.111985	0.0733794	270.467	52.2	16
516	125	0.138301	0.0765718	270.6	51.1	26
517	299	0.134295	0.0857019	270.8	128.067	8
518	126	0.130723	0.0768977	271	51.3	33
519	125	0.12334	0.0754319	271.167	50.7	29
520	125	0.113681	0.083399	271.333	51.1	61
521	127	0.109699	0.075769	271.5	51.5	42
522	127	0.113344	0.0772916	271.7	51.5	60
523	129	0.107206	0.0774064	271.933	51.9333	59
524	128	0.114502	0.0847704	272.167	51.7	48
525	130	0.124912	0.0848266	272.367	52.2	52
526	130	0.124714	0.0892975	272.6	52.2	53
527	130	0.104043	0.0927879	272.833	52.2	56
528	132	0.11051	0.0946202	273.033	52.6667	52
529	132	0.131328	0.0994585	273.267	52.6667	31
530	136	0.146446	0.101492	273.467	53.5667	24
531	133	0.136697	0.0955035	273.733	52.9	28
532	135	0.135939	0.0956352	274	53.3333	42
533	136	0.128705	0.0939357	274.233	53.5667	42
534	137	0.125272	0.0942172	274.533	53.9	40
535	138	0.127638	0.0908988	274.8	54.2333	43
536	138	0.111621	0.0934499	275.067	54.2333	45
537	138	0.126877	0.0823144	275.233	54.2333	41
538	140	0.125376	0.0810746	275.467	54.8667	42
539	139	0.11687	0.0792003	275.667	54.5333	55
540	141	0.109379	0.0783592	275.867	55.1667	44
541	143	0.111195	0.0780484	276.133	55.1667	38
542	142	0.110524	0.0788209	276.333	55.5	40
543	141	0.1272	0.0776537	276.533	55.1667	48
544	145	0.102385	0.08007	276.733	55.8	30
545	143	0.108	0.0762944	276.933	55.8	47
546	144	0.119372	0.0765784	277.133	56.0667	33
547	145	0.101572	0.0760064	277.333	55.8	28
548	146	0.090578	0.0717823	277.533	56.0667	39
549	144	0.111389	0.0795381	277.7	55.5	11
550	150	0.112653	0.083704	277.933	57.1	14
551	167	0.111558	0.0800056	278.133	63.7	9
552	146	0.112234	0.0717314	278.3	56.0667	14
553	150	0.10036	0.0766625	278.467	57.1	28
554	292	0.121206	0.0845796	278.633	126.267	9
555	102	0.112952	0.0772059	278.833	45.2333	8
556	102	0.113314	0.0858129	279.1	45.2333	8
557	455	0.134382	0.0851337	279.367	259.633	9
558	282	0.132907	0.090161	279.667	121.933	10
559	426	0.143113	0.0929711	280	251.1	13
560	426	0.143466	0.0932405	280.333	251.1	21
561	425	0.143227	0.0988571	280.633	250.433	21
562	417	0.15525	0.0977458	280.967	243.8	19
563	427	0.128903	0.0910886	281.267	251.767	26
564	156	0.158194	0.0963537	281.567	59.3333	33
565	418	0.144626	0.094396	281.867	244.7	25
566	418	0.13887	0.0910183	282.167	244.7	25
567	418	0.147737	0.0974751	282.467	244.7	19
568	418	0.156902	0.0927377	282.8	244.7	24
569	426	0.13107	0.0903346	283.233	251.1	16
570	418	0.143988	0.0969913	283.6	244.7	22
571	432	0.153739	0.0818951	284.067	254.3	19
572	432	0.127674	0.0794274	284.667	254.3	19
573	168	0.141949	0.0913718	285.233	64.6333	23
574	298	0.129976	0.0840496	285.733	127.233	8
575	166	0.141304	0.0829851	286.2	63.3667	27
576	156	0.128249	0.0843823	286.6	59.3333	12
577	133	0.120966	0.0958445	286.967	52.9	7
578	168	0.131242	0.0886823	287.333	64.6333	33
579	168	0.130793	0.0884183	287.7	64.6333	46
580	169	0.147693	0.0961602	288.033	64.3333	30
581	168	0.151296	0.0879071	288.4	64.0667	28
582	164	0.144329	0.0904294	288.833	62.6667	13
583	166	0.137973	0.087982	289.267	63.3667	27
584	129	0.130019	0.0841649	289.767	51.5	9
585	179	0.125993	0.0797902	290.167	68.4	24
586	171	0.123167	0.0788324	290.567	64.9333	21
587	477	0.125629	0.0692305	291	263.367	12
588	178	0.118296	0.0652014	291.367	67.9667	50
589	485	0.117461	0.0648095	291.7	264.667	12
590	484	0.113948	0.0740384	292.067	264.5	12
591	479	0.110265	0.0704585	292.367	263.667	11
592	477	0.121938	0.0740657	292.7	263.367	12
593	184	0.114998	0.0770456	293.067	69.2	64
594	186	0.131425	0.0770495	293.367	69.6667	57
595	186	0.122493	0.0814727	293.733	69.6667	60
596	186	0.133569	0.0836713	294.133	69.6667	68
597	187	0.139219	0.0874967	294.533	69.9333	73
598	188	0.144721	0.090193	294.933	70.3667	93
599	188	0.141606	0.084632	295.467	70.3667	96
600	189	0.139136	0.0904604	295.933	70.7667	81
601	190	0.119136	0.0851536	296.5	71.3	92
602	191	0.15189	0.0903132	296.967	71.8333	90
603	190	0.145941	0.0824305	297.433	71.3	69
604	193	0.138503	0.0848269	298	72.7	110
605	195	0.128349	0.0925767	298.7	73.5333	120
606	199	0.1174	0.0814022	299.433	74.9333	88
607	198	0.139396	0.0880667	300.233	74.5667	131
608	199	0.141244	0.0906735	300.833	74.9333	136
609	200	0.134244	0.0766468	301.367	75.7	114
610	200	0.109595	0.0785103	301.867	75.7	116
611	198	0.112978	0.0757357	302.433	74.5667	34
612	201	0.12504	0.0661962	303.1	76.6667	96
613	206	0.126556	0.0690296	303.667	86.5	45
614	200	0.128806	0.0669262	304.267	75.7	33
615	204	0.121508	0.063832	304.833	81.9	57
616	203	0.112056	0.0635927	305.333	80.1	66
617	199	0.119355	0.0664538	305.8	74.9333	22
618	203	0.104498	0.0706538	306.433	80.1	89
619	203	0.113105	0.063232	307.1	80.1	49
620	204	0.0934933	0.0639132	307.767	81.9	62
621	204	0.116445	0.0741489	308.4	81.9	89
622	19	0.0930989	0.0680586	309.067	13.5	10
623	373	0.107327	0.0652014	309.733	215.567	8
624	446	0.104508	0.0636612	310.3	257.967	9
625	277	0.121652	0.0578371	310.8	116.8	9
626	457	0.104842	0.0523858	311.3	260	10
627	39	0.115974	0.0543928	311.767	24.9667	9
628	7	0.113343	0.0594443	312.233	7.26667	7
629	198	0.101627	0.0496579	312.733	74.5667	9
630	204	0.105292	0.0486829	313.167	84.1	10
631	279	0.100523	0.047355	313.6	118.433	10
632	54	0.109869	0.048545	314.133	31.3667	10
633	4	0.0996811	0.0517272	314.633	5.56667	9
634	27	0.123035	0.0523495	315.1	17.6	9
635	7	0.106045	0.0570539	315.533	7.26667	8
636	158	0.105921	0.0552738	315.967	60.2	8
637	218	0.115485	0.0630871	316.433	95.7333	8
638	288	0.112954	0.0583048	316.967	124.133	7
639	289	0.110719	0.052944	317.5	124.633	8
640	453	0.11781	0.0567434	318	259.3	7
641	383	0.106595	0.0513639	318.6	221.7	8
642	287	0.112553	0.051569	319.267	124.633	8
643	293	0.125259	0.0597658	319.9	126.5	7
644	211	0.0930722	0.0616416	320.4	90.6333	37
645	500	0.095939	0.0628562	320.933	267.633	7
646	496	0.105557	0.0531184	321.4	266.867	7
647	125	0.10317	0.0582184	321.833	50.7	8
648	296	0.0907464	0.0680177	322.3	127.233	9
649	106	0.102856	0.0565704	322.7	45.8667	7
650	426	0.110251	0.0585568	323.1	251.1	8
651	290	0.105168	0.067018	323.4	125.733	8
652	296	0.106339	0.0647971	323.7	127.233	7
653	109	0.105472	0.070189	323.967	47.1333	7
654	292	0.0924341	0.0762729	324.267	126.267	7
655	107	0.111065	0.0731747	324.533	46.6	8
656	103	0.116566	0.0819209	324.8	45.5667	7
657	529	0.0989139	0.0726464	325	273.267	7
658	109	0.0960728	0.0658448	325.2	47.1333	7
659	150	0.0974071	0.0658935	325.4	57.1	8
660	128	0.0836262	0.0702891	325.7	51.7	7
661	293	0.104249	0.0878227	325.967	126.5	8
662	294	0.131014	0.0823518	326.2	126.733	8
663	124	0.119529	0.0797214	326.4	50.9333	8
664	109	0.106244	0.0825733	326.6	47.1333	8
665	493	0.114776	0.0856279	326.833	266.333	7
666	146	0.114444	0.0816835	327.033	56.0667	7
667	128	0.113667	0.0905447	327.233	51.7	8
668	125	0.126091	0.100735	327.433	51.1	7
669	563	0.142789	0.0913051	327.633	281.267	8
670	455	0.112348	0.0807741	327.867	259.633	9
671	559	0.108661	0.0880906	328.1	280	8
672	220	0.109876	0.0803371	328.3	96.9667	25
673	265	0.106867	0.0818308	328.467	111.467	9
674	493	0.116609	0.0893795	328.633	266.333	8
675	134	0.111325	0.0802793	328.8	53.1	9
676	151	0.112224	0.0876772	328.933	57.3667	7
677	169	0.108648	0.0924911	329.067	64.3333	9
678	249	0.105386	0.0843336	329.2	106.367	8
679	261	0.117621	0.081887	329.333	109.833	8
680	227	0.11481	0.0791297	329.433	99.4333	8
681	146	0.114691	0.0825229	329.533	56.0667	8
682	122	0.118682	0.087451	329.633	50.4667	7
683	223	0.113836	0.0817446	329.733	98.1667	32
684	493	0.107942	0.0838696	329.833	266.333	8
685	149	0.115231	0.0846298	329.933	56.8333	8
686	152	0.139369	0.0873071	330.033	58.3333	8
687	561	0.12845	0.0896701	330.133	280.633	8
688	298	0.120773	0.0874835	330.233	127.8	8
689	567	0.115362	0.0891794	330.333	282.467	8
690	135	0.113577	0.0940183	330.433	53.3333	8
691	233	0.11593	0.0888264	330.533	101.367	8
692	225	0.129007	0.0898243	330.633	98.8333	27
693	124	0.117623	0.101706	330.733	50.9333	9
694	295	0.11347	0.0907259	330.833	126.967	8
695	145	0.124182	0.0911605	330.933	55.8	7
696	566	0.1141	0.0874775	331.033	282.167	10
697	493	0.121685	0.0871658	331.133	266.333	8
698	123	0.12242	0.0837522	331.233	50.7	8
699	567	0.114002	0.0835976	331.333	282.467	8
700	110	0.121951	0.086043	331.433	47.4	8
701	251	0.106472	0.0896741	331.567	107.067	9
702	255	0.121317	0.0891895	331.7	108.267	7
703	229	0.131539	0.0879397	331.833	100.067	11
704	283	0.125996	0.0877953	331.967	122.5	8
705	150	0.122089	0.0918427	332.1	57.1	7
706	124	0.117119	0.0942027	332.233	50.9333	8
707	229	0.11899	0.0836733	332.367	100.067	31
708	240	0.117816	0.0888661	332.533	103.4	8
709	231	0.119894	0.0864579	332.7	100.7	16
710	233	0.121972	0.0818035	332.867	101.367	9
711	119	0.111374	0.0879038	333.1	49.6333	9
712	562	0.122642	0.0855663	333.333	280.967	9
713	258	0.128601	0.0859411	333.567	109.6	10
714	229	0.12145	0.0925478	333.8	100.067	8
715	233	0.11867	0.0885935	334.033	101.367	25
716	259	0.116203	0.0876866	334.233	109.333	9
717	149	0.131199	0.0845997	334.433	56.8333	10
718	563	0.117494	0.0867492	334.633	281.267	8
719	247	0.112521	0.0854491	334.833	105.6	9
720	145	0.116238	0.0879497	335.033	55.8	10
721	564	0.128032	0.0871969	335.233	281.567	9
722	234	0.131369	0.0927782	335.4	101.667	11
723	493	0.134671	0.0912224	335.533	266.333	10
724	563	0.116594	0.0954968	335.7	281.267	8
725	493	0.129515	0.0868797	335.833	266.333	10
726	580	0.125593	0.0834194	335.967	288.033	10
727	289	0.114904	0.086365	336.1	124.633	9
728	240	0.116519	0.0806005	336.233	103.4	15
729	128	0.134952	0.0841505	336.367	51.7	8
730	583	0.12565	0.0885354	336.533	289.267	9
731	529	0.109934	0.0806012	336.767	273.267	9
732	240	0.128947	0.0905883	336.967	103.4	31
733	240	0.111524	0.0859349	337.2	103.4	34
734	287	0.116907	0.0873328	337.433	123.6	8
735	281	0.123591	0.0811781	337.667	119.933	12
736	286	0.121367	0.0801794	337.967	124.133	8
737	286	0.111771	0.0803653	338.267	123.033	13
738	577	0.118418	0.0834528	338.667	286.967	8
739	574	0.1246	0.0792812	339.033	285.733	8
740	559	0.107287	0.0848536	339.433	280	8
741	281	0.109832	0.081414	339.733	119.933	16
742	285	0.107664	0.0831495	340.033	122.5	16
743	248	0.12463	0.0771437	340.4	105.967	38
744	249	0.1203	0.0806292	340.767	106.367	24
745	281	0.120724	0.0788093	341.133	119.933	12
746	250	0.118442	0.0855808	341.533	106.7	31
747	251	0.118566	0.0748991	341.933	107.067	27
748	253	0.130633	0.0752828	342.233	107.7	16
749	283	0.118675	0.0744142	342.533	121.267	17
750	258	0.105149	0.0773595	342.867	109.6	27
751	255	0.116872	0.0800831	343.233	108.267	31
752	265	0.110166	0.071525	343.6	111.467	18
753	257	0.111473	0.0832984	343.933	108.767	33
754	259	0.116238	0.0737699	344.233	109.833	29
755	259	0.112958	0.0850122	344.533	109.333	65
756	259	0.115674	0.076446	344.867	109.833	88
757	261	0.107944	0.0795517	345.233	110.333	68
758	262	0.110197	0.08627	345.567	110.6	83
759	264	0.130369	0.0856383	345.8	111.167	66
760	264	0.100777	0.082982	346.067	111.167	77
761	265	0.114859	0.0783686	346.333	111.467	130
762	266	0.124549	0.0854929	346.6	111.8	144
763	268	0.118641	0.0859486	346.9	112.433	114
764	268	0.101823	0.0866273	347.267	112.433	109
765	273	0.113134	0.0752728	347.533	113.433	61
766	275	0.111004	0.0743753	347.8	114.7	48
767	275	0.126906	0.0730218	348.033	114.7	56
768	274	0.103914	0.0658128	348.367	113.933	68
769	275	0.112004	0.078057	348.8	114.7	77
770	275	0.122509	0.0815933	349.3	114.7	61
771	579	0.134436	0.09175	349.833	287.7	10
772	495	0.11353	0.0836904	350.367	266.667	7
773	287	0.1189	0.0852337	350.933	123.6	9
774	576	0.128844	0.0846307	351.5	286.6	7
775	560	0.131584	0.0856343	352.067	280.333	8
776	278	0.120854	0.089981	352.633	117.667	32
777	278	0.113963	0.0778548	353.2	117.667	42
778	278	0.127587	0.0786664	353.733	117.667	25
779	577	0.121794	0.088086	354.333	286.967	7
780	530	0.135334	0.0902118	354.9	273.467	7
781	289	0.110082	0.0927887	355.4	124.633	7
782	298	0.116276	0.0999245	355.9	127.233	9
783	298	0.12532	0.0929096	356.267	127.233	8
784	282	0.118988	0.0820911	356.7	120.6	39
785	283	0.125342	0.0847596	357.133	121.267	50
786	283	0.113708	0.0938551	357.567	121.267	37
787	288	0.100303	0.0831197	357.867	124.133	11
788	284	0.120188	0.0862997	358.133	121.933	82
789	284	0.112704	0.082414	358.4	121.933	66
790	285	0.129778	0.0977821	358.7	122.5	88
791	286	0.14175	0.100605	359	123.033	76
792	286	0.1392	0.102151	359.3	123.033	92
793	286	0.142887	0.0951256	359.567	123.033	74
794	287	0.139892	0.0959994	359.867	123.6	84
795	287	0.138711	0.10466	360.133	123.6	90
796	288	0.127553	0.109394	360.5	124.133	101
797	289	0.144795	0.114278	360.8	124.633	89
798	289	0.15122	0.109537	361.167	124.633	117
799	290	0.141264	0.128457	361.467	125.1	115
800	290	0.141635	0.128879	361.733	125.1	121
801	291	0.15236	0.118334	362	125.433	102
802	294	0.170109	0.133904	362.2	126.267	127
803	295	0.162896	0.130783	362.467	126.5	125
804	296	0.154793	0.14129	362.733	126.733	128
805	297	0.158698	0.124172	362.933	126.967	139
806	297	0.1561	0.142005	363.2	126.967	153
807	298	0.165723	0.154185	363.433	127.233	186
808	299	0.173869	0.138404	363.667	127.5	253
809	299	0.159989	0.1606	363.933	127.5	289
810	300	0.161172	0.155248	364.167	127.8	304
811	301	0.166765	0.159734	364.433	128.067	329
812	302	0.161186	0.176152	364.667	128.3	303
813	303	0.170183	0.171716	364.967	128.567	304
814	304	0.167583	0.171813	365.233	128.833	285
815	305	0.164222	0.154092	365.567	129.2	239
816	305	0.17316	0.172473	365.9	129.2	261
817	306	0.163996	0.202046	366.367	129.733	256
818	306	0.16479	0.173524	366.967	129.733	187
819	308	0.174226	0.181837	367.733	130.933	188
820	308	0.15443	0.114946	368.233	130.933	171
821	309	0.12612	0.143452	368.9	131.6	169
822	310	0.128351	0.0983967	369.567	132.2	154
823	311	0.0915781	0.0955454	370.167	132.667	168
824	312	0.126922	0.120387	370.667	133.067	233
825	313	0.0776773	0.124937	371.267	133.533	214
826	314	0.0894653	0.110786	371.767	134.067	185
827	315	0.0875258	0.139485	372.2	134.533	251
828	316	0.0967652	0.114233	372.6	134.967	183
829	317	0.0867713	0.164416	373.333	135.767	415
830	319	0.104568	0.16016	374.733	139.167	370
831	320	0.113549	0.186218	376.633	141.267	352
832	321	0.112519	0.174958	379.267	144.7	295
833	322	0.135483	0.136199	381.5	147.8	203
834	323	0.089397	0.128172	383.867	150.467	209
835	324	0.0789306	0.128153	386.033	153.267	218
836	324	0.0973302	0.164166	388.133	153.267	365
837	325	0.120134	0.160538	389.767	155.167	322
838	326	0.12016	0.109757	391.3	157.1	201
839	326	0.0872999	0.109608	393.433	157.1	163
840	327	0.0977222	0.0663125	394.967	159	143
841	329	0.0929285	0.144877	397.133	161.867	246
842	329	0.102006	0.0868827	398.667	161.867	176
843	330	0.0937144	0.0844912	399.9	163.2	126
844	330	0.0986628	0.0642928	401	163.2	92
845	331	0.0956343	0.0588849	402	164.533	99
846	332	0.107338	0.0642811	402.767	165.9	103
847	332	0.0839726	0.0585311	403.5	165.9	91
848	332	0.108254	0.0552334	403.967	165.9	71
849	330	0.103188	0.0542135	404.4	165.9	41
850	332	0.109658	0.0439574	404.733	165.9	43
851	331	0.118099	0.0581161	405.133	167.333	32
852	331	0.105013	0.0502046	405.5	167.333	39
853	331	0.106331	0.0479868	405.867	167.333	42
854	332	0.11777	0.0487985	406.267	168.5	37
855	334	0.10324	0.0542934	406.7	172.167	25
856	332	0.111973	0.047407	407.233	168.5	43
857	334	0.131683	0.0484994	407.833	168.5	45
858	334	0.131971	0.0481417	408.467	172.167	28
859	334	0.106891	0.0403302	409.1	172.167	21
860	335	0.12162	0.0461008	409.6	169.9	29
861	335	0.134118	0.0407031	410.067	169.9	23
862	334	0.123775	0.0389606	410.6	172.167	24
863	334	0.109984	0.039474	411.233	172.167	26
864	711	0.0799886	0.0348478	411.933	333.1	8
865	195	0.0983258	0.038773	412.333	74.2	8
866	19	0.114074	0.0345567	412.633	14.5667	8
867	499	0.114295	0.0349376	413.067	267.4	8
868	337	0.120051	0.0360089	413.567	173.2	27
869	339	0.120081	0.0478347	415.767	176.533	30
870	339	0.116971	0.0437054	417.133	176.533	40
871	338	0.140325	0.0618875	418.267	176.467	38
872	340	0.0837812	0.030953	419.6	179.267	46
873	340	0.196391	0.03824	420.067	179.267	41
874	341	0.0770956	0.0312608	421.333	180.067	38
875	340	0.154717	0.0413329	421.667	179.267	44
876	352	0.0851697	0.0378582	422.667	191.8	10
877	341	0.195006	0.0273845	422.867	180.067	39
878	340	0.0816019	0.0371279	423.933	179.267	19
879	342	0.343783	0.0393723	423.967	182.033	32
880	342	0.10852	0.0419333	424.833	182.033	24
881	342	0.201276	0.0312365	424.933	182.033	21
882	342	0.103636	0.0341118	425.633	182.033	23
883	342	0.304384	0.0531295	425.733	182.033	23
884	342	0.107264	0.0567246	426.833	182.033	30
885	343	0.124529	0.0474309	427.3	183.3	28
886	349	0.0828475	0.0896022	428.167	189.6	48
887	349	0.145239	0.0895387	428.8	189.6	70
888	348	0.14103	0.115577	429.7	188.667	82
889	349	0.139825	0.126805	430.767	189.6	149
890	349	0.155288	0.146316	431.7	189.6	168
891	350	0.195225	0.158554	432.333	190.367	189
892	351	0.164796	0.137499	432.967	191.133	205
893	352	0.146764	0.137152	433.667	191.8	171
894	354	0.151139	0.136453	434.233	193.4	178
895	355	0.160873	0.146614	434.767	194.4	158
896	355	0.163496	0.125976	435.4	194.4	168
897	356	0.10907	0.0927499	436.033	195.3	153
898	357	0.115462	0.0928391	436.6	196.033	122
899	360	0.126449	0.0955719	437.067	198.333	155
900	360	0.0980472	0.110609	437.567	198.333	199
901	362	0.0946938	0.114804	438.567	201.4	185
902	362	0.0982297	0.0951682	439.533	201.4	168
903	363	0.127635	0.114558	440.633	203.933	215
904	364	0.123084	0.110532	441.5	206.1	157
905	364	0.114769	0.135405	442.333	206.1	304
906	365	0.0965889	0.133874	443.533	208.267	361
907	366	0.116776	0.170088	444.7	209.767	427
908	367	0.109842	0.161057	445.533	210.9	349
909	368	0.121552	0.143694	446.267	211.8	336
910	369	0.126352	0.165172	446.933	212.433	339
911	370	0.132731	0.154626	447.5	213.167	381
912	371	0.131208	0.114786	448.067	214	235
913	371	0.137213	0.123345	448.533	214	231
914	372	0.138811	0.142604	449.167	214.9	278
915	373	0.144842	0.137471	449.767	215.567	266
916	374	0.12251	0.141751	450.3	216.233	270
917	375	0.126994	0.148351	450.867	216.867	307
918	376	0.12874	0.140841	451.433	217.467	306
919	13	0.118429	0.128985	452.067	10.3667	311
920	14	0.105076	0.131328	452.767	10.8667	334
921	380	0.115381	0.140136	453.367	219.833	363
922	381	0.126282	0.119758	453.867	220.467	300
923	382	0.118271	0.141598	454.333	221.033	316
924	383	0.123878	0.118056	454.833	221.7	228
925	383	0.12412	0.115434	455.4	221.7	234
926	384	0.139561	0.140729	455.9	222.433	336
927	385	0.12924	0.193991	456.367	223.067	435
928	386	0.132556	0.165905	456.833	223.7	380
929	387	0.122571	0.118405	457.333	224.367	246
930	388	0.126931	0.102361	457.867	225.033	194
931	388	0.114001	0.120508	458.433	225.033	210
932	389	0.126115	0.126121	458.933	225.767	265
933	390	0.130441	0.13779	459.4	226.3	266
934	391	0.129483	0.131464	459.933	226.867	299
935	392	0.130959	0.1306	460.467	227.4	308
936	393	0.132016	0.119746	460.967	227.933	257
937	394	0.134576	0.132101	461.433	228.533	287
938	395	0.106768	0.120496	462.033	229.1	241
939	396	0.109024	0.132927	462.6	229.8	230
940	397	0.131848	0.116024	463.267	230.467	215
941	399	0.0994418	0.113334	464.033	231.867	189
942	399	0.131776	0.120434	464.567	231.867	235
943	400	0.103026	0.135581	465.067	232.533	300
944	401	0.109751	0.115929	465.667	233.233	277
945	402	0.118206	0.121352	466.233	234	277
946	403	0.120918	0.125557	467	235.233	250
947	38	0.0975062	0.109563	468	24.3	280
948	39	0.115965	0.128659	468.8	24.9667	334
949	40	0.126797	0.15464	469.5	25.4667	388
950	41	0.134313	0.139341	470.133	26.1	355
951	407	0.108812	0.112389	470.733	238.733	323
952	43	0.121612	0.127248	471.4	26.9333	304
953	412	0.136594	0.128919	471.933	240.867	262
954	412	0.121206	0.132321	472.4	240.867	323
955	413	0.127119	0.110156	472.933	241.333	235
956	48	0.12277	0.104325	473.533	28.8	231
957	49	0.0974026	0.0964124	474	29.1667	254
958	50	0.107465	0.117248	474.367	29.5	237
959	51	0.106641	0.11705	474.867	29.8	228
960	52	0.123947	0.130216	475.267	30.1667	216
961	53	0.110069	0.11203	475.667	30.4667	191
962	54	0.118548	0.100171	475.967	30.7667	209
963	55	0.117884	0.104048	476.3	31.0667	236
964	56	0.132651	0.10117	476.633	31.3667	198
965	57	0.109185	0.10014	476.967	31.6	207
966	58	0.114348	0.104298	477.333	31.9	229
967	59	0.122709	0.111765	477.733	32.2	261
968	60	0.0979046	0.117162	478.2	32.5667	237
969	61	0.103033	0.096147	478.6	32.9333	220
970	62	0.10985	0.0991587	478.967	33.2667	232
971	63	0.114843	0.109347	479.267	33.6667	250
972	64	0.112514	0.083895	479.733	34.1333	192
973	64	0.128756	0.0859444	480.1	34.1333	201
974	65	0.123716	0.0862404	480.5	34.5333	196
975	66	0.103349	0.0818079	480.867	34.9667	167
976	66	0.0969294	0.0780221	481.233	34.9667	136
977	67	0.102905	0.0906572	481.567	35.3667	157
978	100	0.125184	0.0897092	481.9	43.8333	12
979	68	0.118458	0.0788104	482.167	35.7667	166
980	100	0.103657	0.0796585	482.5	43.8333	13
981	69	0.114408	0.082176	482.833	36.1667	125
982	95	0.126092	0.080629	483.067	42.4667	13
983	80	0.0995455	0.0790809	483.3	39.4333	16
984	71	0.114005	0.0797677	483.5	36.9333	175
985	71	0.108768	0.0783984	483.733	36.9333	122
986	72	0.122023	0.0813739	483.967	37.3	159
987	95	0.11597	0.0792149	484.233	42.4667	16
988	104	0.129544	0.078858	484.433	45.2333	16
989	80	0.107705	0.0728229	484.667	39.4333	27
990	75	0.103802	0.0846517	484.967	38.2	152
991	76	0.110604	0.0881657	485.233	38.4333	133
992	151	0.117413	0.0807237	485.5	57.3667	10
993	78	0.12602	0.0768523	485.733	38.9667	116
994	79	0.110132	0.0804242	485.967	39.2333	96
995	80	0.11459	0.0822014	486.233	39.4333	83
996	80	0.117106	0.0774132	486.5	39.4333	82
997	80	0.112586	0.0743501	486.8	39.8667	89
998	84	0.117754	0.0765355	487.133	40.8	38
999	84	0.117982	0.0771839	487.5	40.8	55
1000	85	0.122301	0.0819388	487.8	41	59
1001	96	0.123595	0.0803748	488.067	42.7	28
1002	107	0.10598	0.0777872	488.367	46.1333	21
1003	89	0.11972	0.0838624	488.6	41.3333	89
1004	92	0.111886	0.0872178	488.833	41.8667	65
1005	91	0.138699	0.0826333	489.033	41.7	74
1006	92	0.133707	0.0870357	489.267	41.8667	102
1007	93	0.139142	0.0810893	489.5	42.0333	98
1008	94	0.131341	0.0921	489.733	42.2333	113
1009	95	0.137623	0.0963707	489.967	42.4667	110
1010	96	0.125622	0.083076	490.2	42.7	110
1011	97	0.145818	0.0909604	490.467	42.9333	119
1012	98	0.122731	0.094977	490.733	43.2	84
1013	98	0.155081	0.0844813	491	43.2	105
1014	99	0.123835	0.103023	491.267	43.5333	122
1015	99	0.128376	0.0926629	491.467	43.5333	141
1016	100	0.130602	0.0949247	491.733	43.8333	141
1017	101	0.1304	0.101273	492.067	44.1333	150
1018	102	0.126389	0.103353	492.333	44.4667	165
1019	103	0.141927	0.096532	492.6	44.8333	176
1020	103	0.145029	0.100533	492.867	44.8333	140
1021	102	0.153682	0.0898822	493.1	45.2333	104
1022	103	0.141092	0.0904732	493.333	45.5667	80
1023	105	0.140937	0.0911642	493.633	45.5667	130
1024	104	0.139797	0.0996769	493.933	45.8667	96
1025	107	0.127596	0.0860985	494.233	46.1333	118
1026	106	0.119749	0.0918113	494.5	46.3667	95
1027	109	0.131098	0.0968234	494.7	46.6	107
1028	107	0.128608	0.0864724	494.933	46.6	35
1029	109	0.12189	0.0959467	495.133	46.6	68
1030	111	0.126342	0.090567	495.367	47.1333	105
1031	112	0.128521	0.0945552	495.6	47.4	106
1032	112	0.118597	0.0902009	495.833	47.4	95
1033	113	0.13112	0.0827184	496.067	47.6333	110
1034	114	0.130293	0.0868942	496.333	47.9	131
1035	115	0.126746	0.0923355	496.633	48.1333	113
1036	116	0.126382	0.0940736	496.9	48.3667	114
1037	117	0.120407	0.0900413	497.2	48.6	110
1038	118	0.129972	0.0988332	497.467	48.8333	146
1039	119	0.124806	0.0883056	497.7	49.0667	124
1040	118	0.119349	0.0957316	497.933	49.3333	72
1041	114	0.126424	0.0922702	498.167	48.3667	20
1042	121	0.124786	0.0891914	498.433	49.6333	148
1043	121	0.130405	0.0871158	498.667	49.6333	104
1044	122	0.13346	0.091957	498.9	49.9333	105
1045	123	0.128034	0.10582	499.1	50.2333	122
1046	124	0.117679	0.095867	499.3	50.4667	108
1047	123	0.122685	0.0941687	499.5	50.2333	53
1048	125	0.108007	0.0914355	499.7	50.7	99
1049	124	0.128033	0.0938435	499.9	50.9333	59
1050	127	0.129155	0.104141	500.067	51.1	107
1051	128	0.144106	0.107777	500.2	51.3	90
1052	128	0.222387	0.0942287	500.233	51.3	110
1053	129	0.135268	0.107358	500.4	51.5	88
1054	129	0.126528	0.0940091	500.567	51.5	102
1055	129	0.127943	0.0972984	500.733	51.5	85
1056	130	0.128207	0.0984876	500.9	51.7	86
1057	131	0.145452	0.0982787	501.067	51.9333	114
1058	129	0.134533	0.098085	501.233	51.5	49
1059	133	0.125006	0.0941964	501.4	52.4333	82
1060	133	0.120475	0.0912748	501.6	52.4333	114
1061	132	0.119266	0.09331	501.833	52.6667	119
1062	135	0.12956	0.101112	502.067	52.9	114
1063	134	0.132811	0.0895817	502.3	53.1	104
1064	137	0.14755	0.102802	502.533	53.3333	127
1065	136	0.135388	0.100132	502.8	53.5667	101
1066	139	0.124107	0.0885792	503.067	53.9	121
1067	140	0.139174	0.0910813	503.367	54.2333	90
1068	138	0.122924	0.086648	503.567	54.2333	119
1069	140	0.11804	0.0831106	503.867	54.2333	95
1070	141	0.131583	0.0842804	504.167	54.5333	120
1071	143	0.11245	0.0813854	504.533	55.1667	92
1072	143	0.113308	0.0900927	504.867	55.1667	88
1073	143	0.126821	0.0802905	505.2	55.8	91
1074	145	0.115429	0.0803332	505.567	55.8	91
1075	146	0.11553	0.0863157	505.867	56.0667	90
1076	146	0.120053	0.0840149	506.2	56.5333	126
1077	147	0.122509	0.0893825	506.533	56.8333	158
1078	150	0.115234	0.0851596	506.867	57.1	180
1079	149	0.127827	0.0879075	507.267	57.3667	132
1080	153	0.111808	0.0971342	507.833	57.9	170
1081	154	0.13465	0.0936478	508.3	58.3333	212
1082	155	0.121662	0.0975932	508.8	58.8333	155
1083	156	0.134727	0.094936	509.3	59.3333	132
1084	157	0.130943	0.0985409	509.733	59.8	149
1085	158	0.114533	0.0896934	510.233	60.2	151
1086	161	0.135058	0.095411	510.7	61.4	42
1087	158	0.138095	0.0912737	511.1	60.2	57
1088	161	0.120474	0.0935949	511.433	61.4	118
1089	161	0.12119	0.0919933	511.767	61.4	94
1090	160	0.125015	0.0841428	512.1	61.8333	92
1091	163	0.128931	0.0847718	512.4	62.3	118
1092	162	0.1076	0.0849142	512.8	62.6667	117
1093	165	0.117625	0.0979792	513.3	63.0667	133
1094	164	0.116006	0.0937112	513.733	63.3667	150
1095	167	0.122517	0.0944071	514.167	63.7	114
1096	168	0.122835	0.0946565	514.667	64.0667	141
1097	168	0.133677	0.0930276	515.133	64.6333	134
1098	170	0.120138	0.0846683	515.6	64.6333	92
1099	170	0.112667	0.0908863	516	65.2667	123
1100	173	0.125289	0.0891615	516.367	65.5667	82
1101	172	0.118438	0.095658	516.733	65.8667	55
1102	172	0.120749	0.0889334	517.067	65.8667	56
1103	175	0.13738	0.0914799	517.367	66.2333	67
1104	175	0.133789	0.0923368	517.7	66.2333	60
1105	174	0.126458	0.10307	518.033	66.7667	36
1106	174	0.13538	0.10279	518.4	66.7667	28
1107	173	0.120949	0.0920226	518.733	66.2333	26
1108	174	0.140104	0.0912268	519.033	66.7667	18
1109	173	0.137691	0.0867228	519.333	66.2333	14
1110	179	0.119591	0.0850025	519.633	68.4	47
1111	179	0.118784	0.0878969	519.933	68.4	75
1112	179	0.118391	0.0886134	520.233	68.4	73
1113	181	0.124095	0.0926534	520.567	69	134
1114	184	0.118058	0.104054	521	69.2	138
1115	186	0.12742	0.0999638	521.533	69.6667	148
1116	187	0.1225	0.0854883	522.1	69.9333	126
1117	189	0.108585	0.09006	522.6	70.7667	159
1118	189	0.131903	0.100099	523.067	70.7667	121
1119	190	0.121203	0.0989435	523.533	71.3	116
1120	191	0.132598	0.101768	524.033	71.8333	132
1121	192	0.143913	0.103618	524.533	72.3333	120
1122	192	0.143739	0.0939679	525	72.3333	93
1123	193	0.134695	0.0949015	525.433	72.7	91
1124	194	0.137823	0.102407	525.933	73.1333	102
1125	195	0.146222	0.0991558	526.367	73.5333	112
1126	197	0.133925	0.0921839	526.9	74.2	105
1127	198	0.130364	0.112598	527.467	74.5667	115
1128	199	0.148035	0.11364	528.033	74.9333	117
1129	200	0.146781	0.11117	528.567	75.7	133
1130	200	0.144854	0.107831	529.1	75.7	141
1131	200	0.132061	0.0839072	529.8	75.7	90
1132	201	0.12982	0.0752218	530.567	76.6667	108
1133	202	0.133228	0.0759553	531.733	78.2	108
1134	201	0.146081	0.0726321	532.967	80.1	75
1135	203	0.119941	0.0775311	533.8	80.1	68
1136	202	0.109125	0.0706502	534.567	81.9	63
1137	204	0.116501	0.0819827	535.2	81.9	141
1138	203	0.110036	0.0932853	535.967	83.1	105
1139	204	0.113914	0.09984	536.767	84.1	132
1140	206	0.100504	0.0760277	537.333	84.1	149
1141	206	0.124861	0.0739877	537.767	84.1	123
1142	204	0.119706	0.0828949	538.233	81.9	119
1143	206	0.124121	0.0791722	539.067	86.5	162
1144	207	0.119536	0.0739169	540.567	88	151
1145	207	0.188804	0.0672541	540.967	88	138
1146	210	0.104025	0.0790687	542.967	89.3333	121
1147	211	0.105101	0.0659685	544.8	90.6333	121
1148	211	0.105919	0.0758515	546.2	92.1667	142
1149	214	0.10302	0.0739187	547.267	92.8	140
1150	215	0.110831	0.0702757	547.8	93.5667	106
1151	215	0.110371	0.0914221	548.3	93.5667	156
1152	216	0.121188	0.10775	549.1	94.3	208
1153	217	0.114435	0.0964989	549.967	95.1333	200
1154	218	0.116358	0.0889959	550.767	95.7333	219
1155	219	0.12206	0.111025	551.5	96.4	240
1156	220	0.123285	0.104386	552.333	96.9667	242
1157	222	0.112734	0.0808916	553.067	97.8	212
1158	223	0.105873	0.0939491	553.6	98.1667	229
1159	224	0.124693	0.0998893	554.1	98.5	214
1160	226	0.124107	0.103116	554.6	99.1	211
1161	227	0.112798	0.110459	555.1	99.4333	240
1162	228	0.115307	0.103753	555.533	99.7333	179
1163	230	0.12442	0.0967613	556	100.4	175
1164	231	0.109138	0.1033	556.433	100.7	179
1165	232	0.110059	0.10396	556.867	101.033	180
1166	233	0.10852	0.0989404	557.2	101.367	176
1167	234	0.114885	0.10009	557.533	101.667	185
1168	235	0.123188	0.0993865	557.933	102.033	182
1169	236	0.117618	0.0875424	558.3	102.3	186
1170	237	0.115497	0.105358	558.633	102.533	187
1171	237	0.115946	0.0998169	558.933	102.533	148
1172	239	0.114663	0.109415	559.167	103.1	175
1173	240	0.112471	0.107805	559.467	103.4	191
1174	240	0.102842	0.103771	559.8	103.4	217
1175	242	0.105115	0.10115	560.2	104	217
1176	242	0.104317	0.100743	560.567	104	196
1177	244	0.117326	0.0879974	560.8	104.567	126
1178	245	0.11579	0.0899831	561.067	104.9	150
1179	246	0.110722	0.0887401	561.4	105.233	146
1180	246	0.122311	0.0977464	561.8	105.233	138
1181	248	0.106997	0.0947253	562.2	105.967	149
1182	248	0.117129	0.0886549	562.533	105.967	231
1183	249	0.125361	0.124268	562.933	106.367	219
1184	250	0.111962	0.0993744	563.3	106.7	202
1185	251	0.111196	0.0955747	563.7	107.067	155
1186	253	0.124959	0.102062	564.033	107.7	152
1187	254	0.114431	0.0999839	564.4	108	139
1188	255	0.129038	0.100242	564.7	108.267	138
1189	253	0.137878	0.096748	565	107.7	132
1190	254	0.128937	0.0986113	565.3	108	127
1191	258	0.123511	0.0924973	565.633	109.033	134
1192	256	0.118144	0.108762	565.933	108.533	154
1193	260	0.129356	0.102019	566.267	109.6	129
1194	261	0.108366	0.0919062	566.567	109.833	130
1195	262	0.10594	0.0856864	566.833	110.1	125
1196	261	0.105684	0.102865	567.133	109.833	156
1197	263	0.111921	0.0997147	567.433	110.333	146
1198	263	0.121845	0.0988947	567.767	110.333	160
1199	265	0.118557	0.0952421	568.067	110.833	137
1200	759	0.108948	0.0929131	568.433	345.8	144
1201	760	0.114841	0.0954144	568.667	346.067	199
1202	761	0.0983051	0.0931695	568.967	346.333	203
1203	272	0.0916706	0.0949822	569.333	113.1	143
1204	273	0.117534	0.0903538	569.667	113.433	171
1205	274	0.112581	0.123514	570.033	113.933	195
1206	274	0.141253	0.128692	570.433	113.933	239
1207	275	0.118001	0.138421	571.033	114.7	312
1208	275	0.128412	0.116761	571.933	114.7	283
1209	276	0.123374	0.133206	573	115.8	322
1210	277	0.133867	0.142043	574.067	116.8	330
1211	279	0.128325	0.137153	575.067	118.433	317
1212	279	0.142101	0.139252	575.9	118.433	314
1213	281	0.124881	0.16584	576.8	119.933	304
1214	282	0.127982	0.165167	577.967	120.6	372
1215	283	0.140145	0.173655	578.833	121.267	419
1216	284	0.152919	0.177995	579.567	121.933	459
1217	285	0.146818	0.167499	580.3	122.5	383
1218	287	0.16805	0.169679	580.9	123.6	381
1219	288	0.143596	0.187094	581.467	124.133	399
1220	289	0.137413	0.172995	582.067	124.633	453
1221	290	0.142762	0.168631	582.467	125.1	333
1222	290	0.151166	0.178358	582.833	125.1	401
1223	291	0.155833	0.160609	583.167	125.433	352
1224	292	0.152908	0.172531	583.433	125.733	365
1225	293	0.159859	0.178135	583.7	126	340
1226	295	0.154495	0.179615	584	126.5	357
1227	296	0.151073	0.183092	584.267	126.733	351
1228	297	0.165518	0.214124	584.567	126.967	433
1229	298	0.17716	0.192719	584.833	127.233	371
1230	299	0.178595	0.181396	585.067	127.5	375
1231	300	0.174087	0.16516	585.3	127.8	290
1232	301	0.172394	0.170748	585.567	128.067	352
1233	302	0.184845	0.189248	585.833	128.3	335
1234	303	0.157364	0.163618	586.1	128.567	295
1235	304	0.16074	0.173908	586.4	128.833	247
1236	305	0.14745	0.162479	586.767	129.2	249
1237	306	0.164544	0.206224	587.2	129.733	278
1238	307	0.171256	0.212203	587.7	130.333	240
1239	308	0.198068	0.187332	588.133	130.933	229
1240	309	0.150699	0.14496	588.567	131.6	173
1241	309	0.149485	0.149604	589.133	131.6	206
1242	311	0.108045	0.118259	589.7	132.667	160
1243	312	0.112096	0.117919	590.1	133.067	161
1244	312	0.0956229	0.0818454	590.6	133.067	157
1245	313	0.0894359	0.0873236	591.133	133.533	157
1246	826	0.11034	0.115495	591.733	371.767	200
1247	315	0.128634	0.121719	592.133	134.533	228
1248	828	0.0960195	0.113241	592.667	372.6	209
1249	829	0.0867264	0.17185	593.567	373.333	398
1250	830	0.109155	0.158086	595.433	374.733	382
1251	831	0.110292	0.183494	597.733	376.633	310
1252	832	0.110672	0.171375	600.967	379.267	246
1253	323	0.11357	0.141776	604.1	150.467	228
1254	323	0.0713096	0.0825675	606.467	150.467	147
1255	324	0.110728	0.0881738	608.767	153.267	186
1256	325	0.111715	0.100951	610.767	155.167	225
1257	326	0.100102	0.114585	611.9	157.1	198
1258	327	0.089022	0.0763838	613.167	159	152
1259	327	0.0987541	0.104868	614.067	159	195
1260	327	0.119213	0.0975515	614.767	159	124
1261	328	0.0901405	0.0712264	615.567	160.3	121
1262	328	0.0857338	0.0497564	616.367	160.3	93
1263	329	0.103831	0.062025	616.833	161.867	99
1264	329	0.0956709	0.0650022	617.267	161.867	109
1265	841	0.103198	0.0724525	617.7	397.133	73
1266	330	0.101223	0.0565074	618.133	163.2	67
1267	330	0.087916	0.0678999	618.7	163.2	72
1268	331	0.0967113	0.0520625	619.2	164.533	61
1269	331	0.105613	0.0620301	619.8	164.533	78
1270	331	0.104694	0.0570435	620.467	164.533	37
1271	330	0.117989	0.0409672	620.967	165.9	51
1272	332	0.102345	0.0625671	621.433	165.9	60
1273	332	0.0992524	0.04404	621.867	165.9	41
1274	332	0.141632	0.0495766	622.033	165.9	35
1275	333	0.179636	0.0580746	622.167	167.333	43
1276	333	0.112218	0.0453944	622.567	167.333	34
1277	333	0.124448	0.0471851	622.833	167.333	47
1278	331	0.105683	0.042272	623.167	167.333	38
1279	334	0.114061	0.0443373	623.467	172.167	26
1280	334	0.157133	0.0391588	623.767	168.5	30
1281	334	0.112595	0.0356712	624.1	168.5	37
1282	334	0.144733	0.0339275	624.467	168.5	26
1283	334	0.194766	0.0238574	624.6	168.5	28
1284	331	0.107628	0.0216703	625.133	167.333	21
1285	334	0.236064	0.0244684	625.267	168.5	21
1286	334	0.113463	0.0284575	625.767	168.5	16
1287	334	0.160614	0.0216817	625.933	168.5	19
1288	334	0.107806	0.0266911	626.367	172.167	19
1289	334	0.244119	0.0292296	626.433	172.167	18
1290	334	0.0628784	0.0539766	627.367	168.5	52
1291	335	0.304673	0.0541039	627.4	169.9	52
1292	336	0.126324	0.0710487	628.133	172.167	82
1293	336	0.39613	0.0572726	628.167	172.167	81
1294	337	0.0881924	0.0852452	630.433	173.2	76
1295	339	0.116425	0.119156	632.567	176.533	147
1296	340	0.122713	0.112899	634.133	179.267	144
1297	341	0.0928932	0.158005	635.867	180.067	267
1298	342	0.111742	0.203619	637.467	182.033	239
1299	343	0.150815	0.234643	638.9	183.3	308
1300	344	0.168642	0.191241	640	184.333	300
1301	345	0.160685	0.168746	641.133	185.533	258
1302	346	0.159604	0.165717	642.1	186.4	266
1303	347	0.156081	0.16982	643	187.533	248
1304	348	0.147049	0.160241	643.867	188.667	293
1305	349	0.132935	0.179047	644.933	189.6	361
1306	350	0.164246	0.207253	645.767	190.367	417
1307	351	0.166898	0.200791	646.6	191.133	437
1308	892	0.162572	0.175328	647.267	432.967	312
1309	893	0.145998	0.174071	647.833	433.667	283
1310	894	0.155982	0.176266	648.4	434.233	261
1311	355	0.140159	0.202852	649.2	194.4	330
1312	356	0.13055	0.17971	649.8	195.3	343
1313	357	0.120245	0.131213	650.333	196.033	257
1314	357	0.105493	0.117929	650.833	196.033	166
1315	359	0.103817	0.104199	651.5	197.633	156
1316	359	0.135322	0.0874068	651.933	197.633	126
1317	900	0.115808	0.11378	652.333	437.567	170
1318	900	0.121612	0.124899	652.6	437.567	141
1319	900	0.1482	0.105096	652.933	437.567	161
1320	901	0.120249	0.13179	653.667	438.567	254
1321	902	0.100959	0.161561	655.6	439.533	355
1322	903	0.111407	0.160737	656.9	440.633	313
1323	904	0.119952	0.130246	657.967	441.5	268
1324	905	0.121181	0.122987	659.067	442.333	318
1325	906	0.1319	0.124758	660.2	443.533	319
1326	907	0.131285	0.141427	661.1	444.7	345
1327	908	0.112686	0.128423	661.867	445.533	316
1328	909	0.141164	0.155656	662.533	446.267	335
1329	910	0.133598	0.144805	663.3	446.933	380
1330	911	0.130246	0.135681	663.867	447.5	299
1331	371	0.128154	0.138843	664.533	214	290
1332	914	0.11603	0.14401	665.367	449.167	311
1333	915	0.136748	0.155053	666	449.767	314
1334	916	0.135782	0.120891	666.6	450.3	260
1335	376	0.129103	0.124691	667.3	217.467	251
1336	377	0.125904	0.126042	668.033	218.133	260
1337	378	0.125556	0.138611	668.733	218.733	314
1338	379	0.130118	0.138129	669.467	219.233	284
1339	922	0.120728	0.148296	670.167	453.867	349
1340	923	0.124087	0.162594	670.7	454.333	386
1341	924	0.127054	0.140786	671.333	454.833	326
1342	384	0.122933	0.145815	671.967	222.433	333
1343	385	0.114395	0.155243	672.6	223.067	402
1344	386	0.119968	0.194867	673.267	223.7	481
1345	387	0.11812	0.20138	673.933	224.367	519
1346	388	0.123772	0.183683	674.533	225.033	388
1347	389	0.126132	0.159094	675.133	225.767	412
1348	933	0.132354	0.185665	675.733	459.4	429
1349	934	0.139718	0.14943	676.233	459.933	396
1350	935	0.126867	0.137164	676.933	460.467	284
1351	394	0.131257	0.148217	677.6	228.533	271
1352	938	0.131662	0.121125	678.4	462.033	295
1353	939	0.133563	0.140417	679.233	462.6	302
1354	940	0.132412	0.14772	679.9	463.267	301
1355	941	0.115708	0.123741	680.5	464.033	285
1356	942	0.113302	0.123739	681.133	464.567	292
1357	943	0.0961891	0.130569	681.733	465.067	337
1358	401	0.102207	0.150537	682.233	233.233	336
1359	945	0.103679	0.152394	682.933	466.233	289
1360	946	0.141249	0.14162	683.567	467	278
1361	947	0.111857	0.130575	684.567	468	316
1362	947	0.20507	0.136415	684.7	468	367
1363	948	0.116097	0.131205	685.5	468.8	358
1364	949	0.105971	0.151757	686.233	469.5	426
1365	950	0.116383	0.155132	686.833	470.133	444
1366	951	0.112989	0.160958	687.467	470.733	484
1367	952	0.115541	0.147434	688.067	471.4	403
1368	953	0.124092	0.151587	688.6	471.933	351
1369	413	0.131713	0.144882	689.067	241.333	328
1370	955	0.115749	0.154022	689.6	472.933	394
1371	956	0.105279	0.146171	690.2	473.533	415
1372	957	0.109276	0.134419	690.8	474	385
1373	958	0.117971	0.105593	691.333	474.367	313
1374	960	0.115337	0.119213	691.833	475.267	260
1375	961	0.103785	0.125243	692.3	475.667	252
1376	962	0.12509	0.115272	692.667	475.967	285
1377	963	0.115705	0.117603	693	476.3	233
1378	964	0.118586	0.117635	693.333	476.633	220
1379	58	0.121307	0.112425	693.767	31.9	289
1380	60	0.132189	0.137695	694.267	32.5667	324
1381	61	0.123517	0.111034	694.767	32.9333	310
1382	63	0.133883	0.117729	695.3	33.6667	257
1383	63	0.118342	0.101522	695.833	33.6667	243
1384	64	0.110053	0.120451	696.367	34.1333	333
1385	66	0.108544	0.124202	697.067	34.9667	346
1386	67	0.10586	0.144545	697.733	35.3667	426
1387	68	0.105162	0.142566	698.3	35.7667	408
1388	69	0.108214	0.127062	698.833	36.1667	361
1389	71	0.102007	0.127477	699.367	36.9333	370
1390	72	0.103079	0.142669	699.833	37.3	414
1391	73	0.0897006	0.119425	700.233	37.6333	345
1392	74	0.105267	0.0917575	700.533	37.9333	295
1393	74	0.110241	0.0921474	700.8	37.9333	249
1394	75	0.103847	0.086183	701.033	38.2	266
1395	76	0.101486	0.0953875	701.3	38.4333	262
1396	77	0.104658	0.0963687	701.533	38.7333	242
1397	78	0.0984766	0.0900095	701.833	38.9667	198
1398	79	0.0991347	0.0992578	702.1	39.2333	229
1399	80	0.103313	0.0849575	702.367	39.4333	202
1400	81	0.0958707	0.0967307	702.6	39.6333	170
1401	82	0.11127	0.0837217	702.833	39.8667	184
1402	83	0.0982337	0.075656	703.1	40.0667	177
1403	83	0.109615	0.0802201	703.333	40.0667	168
1404	84	0.083519	0.0767408	703.6	40.3333	166
1405	85	0.085378	0.0859327	703.833	40.5667	144
1406	87	0.0964696	0.0853685	704.033	41	142
1407	88	0.104868	0.0789698	704.233	41.1667	143
1408	89	0.0998727	0.087818	704.433	41.3333	165
1409	90	0.102848	0.0867114	704.633	41.5	170
1410	92	0.110678	0.0891934	704.867	41.8667	158
1411	93	0.113033	0.0938115	705.133	42.0333	190
1412	93	0.111887	0.0954733	705.4	42.0333	183
1413	94	0.110486	0.0984781	705.733	42.2333	176
1414	95	0.127542	0.114179	706.067	42.4667	218
1415	97	0.128773	0.104395	706.433	42.9333	188
1416	98	0.118365	0.114759	706.833	43.2	214
1417	99	0.126546	0.118995	707.2	43.5333	215
1418	100	0.125042	0.123091	707.533	43.8333	213
1419	102	0.128243	0.11823	708	44.4667	216
1420	102	0.132194	0.122746	708.433	44.4667	282
1421	103	0.114413	0.127375	708.8	44.8333	303
1422	104	0.121981	0.118779	709.233	45.2333	327
1423	105	0.123685	0.140677	709.6	45.5667	361
1424	106	0.110296	0.116891	709.967	45.8667	271
1425	107	0.115814	0.108386	710.267	46.1333	233
1426	107	0.126242	0.112738	710.5	46.1333	213
1427	108	0.107989	0.106452	710.767	46.3667	205
1428	110	0.133013	0.10165	711.1	46.8667	134
1429	110	0.11466	0.110294	711.367	46.8667	170
1430	111	0.112874	0.10019	711.667	47.1333	151
1431	112	0.129428	0.0963704	711.933	47.4	175
1432	113	0.111263	0.0954875	712.2	47.6333	181
1433	114	0.109318	0.115498	712.533	47.9	231
1434	115	0.107077	0.0923265	712.867	48.1333	254
1435	117	0.111473	0.106899	713.2	48.6	252
1436	118	0.115913	0.115845	713.533	48.8333	265
1437	119	0.118554	0.119163	713.867	49.0667	320
1438	120	0.117627	0.124618	714.233	49.3333	303
1439	121	0.12001	0.131448	714.6	49.6333	338
1440	122	0.120002	0.122628	714.933	49.9333	358
1441	123	0.13767	0.147775	715.233	50.2333	393
1442	124	0.116576	0.135014	715.533	50.4667	356
1443	125	0.12583	0.140742	715.833	50.7	314
1444	126	0.123814	0.140407	716.067	50.9333	348
1445	127	0.120547	0.132141	716.3	51.1	332
1446	128	0.119291	0.150011	716.533	51.3	415
1447	129	0.123551	0.149739	716.8	51.5	338
1448	130	0.112092	0.107197	717.1	51.7	285
1449	131	0.124404	0.116771	717.367	51.9333	299
1450	132	0.115638	0.123839	717.667	52.2	306
1451	134	0.121107	0.123225	718.033	52.6667	254
1452	135	0.108122	0.110973	718.367	52.9	304
1453	136	0.112363	0.12095	718.7	53.1	297
1454	137	0.101166	0.11645	719	53.3333	292
1455	138	0.11784	0.110004	719.333	53.5667	277
1456	140	0.127008	0.108863	719.8	54.2333	284
1457	141	0.112451	0.106756	720.3	54.5333	268
1458	142	0.109588	0.136873	720.8	54.8667	365
1459	143	0.14555	0.150436	721.167	55.1667	368
1460	144	0.116549	0.135081	721.5	55.5	342
1461	145	0.109124	0.11955	721.867	55.8	293
1462	146	0.118297	0.141351	722.2	56.0667	254
1463	147	0.128502	0.121032	722.467	56.3	254
1464	148	0.125546	0.119166	722.8	56.5333	236
1465	149	0.122614	0.133732	723.067	56.8333	239
1466	150	0.130068	0.123609	723.4	57.1	236
1467	151	0.115349	0.124864	723.733	57.3667	249
1468	153	0.118514	0.132994	724.067	57.9	295
1469	154	0.118002	0.156251	724.6	58.3333	455
1470	155	0.129149	0.151676	725.267	58.8333	397
1471	156	0.11918	0.128469	726.033	59.3333	312
1472	158	0.126622	0.134168	726.7	60.2	381
1473	159	0.120018	0.147857	727.367	60.6333	376
1474	160	0.130344	0.139568	727.867	61.0333	381
1475	161	0.1186	0.13857	728.433	61.4	372
1476	162	0.113587	0.115934	729.033	61.8333	280
1477	163	0.114957	0.121599	729.667	62.3	261
1478	165	0.117059	0.12507	730.267	63.0667	241
1479	166	0.132373	0.109724	730.8	63.3667	223
1480	167	0.113904	0.120955	731.333	63.7	234
1481	169	0.120568	0.105567	731.967	64.3333	242
1482	170	0.107638	0.103848	732.533	64.6333	221
1483	171	0.0991278	0.122002	733.033	64.9333	295
1484	172	0.116966	0.121845	733.5	65.2667	295
1485	173	0.103891	0.105294	733.967	65.5667	233
1486	174	0.0981955	0.104558	734.5	65.8667	230
1487	175	0.124812	0.0931034	735.067	66.2333	191
1488	176	0.104419	0.0955399	735.6	66.7667	202
1489	177	0.101474	0.0809213	736.067	67.3333	195
1490	178	0.111365	0.0865698	736.667	67.9667	172
1491	178	0.106719	0.0823762	737.033	67.9667	186
1492	590	0.107379	0.0857572	737.433	292.067	185
1493	591	0.109523	0.0997833	737.867	292.367	170
1494	592	0.112492	0.113905	738.333	292.7	236
1495	594	0.115938	0.108868	738.8	293.367	214
1496	595	0.126115	0.109712	739.333	293.733	217
1497	597	0.126626	0.14047	739.933	294.533	250
1498	598	0.132387	0.120153	740.433	294.933	298
1499	599	0.140964	0.128368	740.9	295.467	256
1500	600	0.134213	0.126143	741.533	295.933	261
1501	601	0.134892	0.129473	742.1	296.5	257
1502	602	0.134324	0.117866	742.8	296.967	233
1503	604	0.132681	0.127	743.567	298	275
1504	605	0.119761	0.118787	744.2	298.7	290
1505	606	0.126677	0.125409	745.033	299.433	327
1506	607	0.125805	0.114825	745.633	300.233	258
1507	608	0.128989	0.125983	746.333	300.833	294
1508	610	0.127779	0.117555	747.067	301.867	278
1509	611	0.117165	0.147703	748	302.433	390
1510	613	0.118349	0.142541	748.867	303.667	385
1511	614	0.121637	0.141992	749.667	304.267	363
1512	615	0.116441	0.114893	750.4	304.833	306
1513	617	0.122905	0.108616	751.267	305.8	257
1514	619	0.113927	0.12313	752.033	307.1	264
1515	620	0.1073	0.128297	752.667	307.767	300
1516	621	0.125001	0.136772	753.267	308.4	280
1517	622	0.100072	0.113852	754.067	309.067	252
1518	624	0.0843574	0.0989432	754.733	310.3	220
1519	625	0.103268	0.095745	755.167	310.8	182
1520	626	0.103611	0.0785301	755.567	311.3	155
1521	627	0.0915854	0.0823597	755.967	311.767	136
1522	628	0.103992	0.084692	756.367	312.233	136
1523	629	0.102708	0.0787124	756.7	312.733	113
1524	630	0.108473	0.078112	757.067	313.167	109
1525	632	0.122915	0.0863263	757.533	314.133	113
1526	633	0.0783883	0.0768835	758	314.633	125
1527	634	0.0965986	0.08936	758.4	315.1	121
1528	635	0.0797667	0.0696527	758.767	315.533	117
1529	636	0.107149	0.0788426	759.167	315.967	116
1530	637	0.108943	0.105956	759.6	316.433	149
1531	638	0.121817	0.0818231	760.067	316.967	156
1532	639	0.100813	0.105372	760.7	317.5	168
1533	640	0.122235	0.118475	761.267	318	189
1534	641	0.104626	0.10846	761.933	318.6	201
1535	642	0.112792	0.076834	762.367	319.267	144
1536	642	0.105023	0.0787535	762.667	319.267	86
1537	642	0.0895128	0.0680249	763.233	319.267	78
1538	212	0.0991108	0.0838333	763.933	91.4333	43
1539	215	0.149956	0.0789748	764.5	93.5667	75
1540	216	0.113137	0.0902793	765.367	94.3	120
1541	216	0.106734	0.071579	766.167	94.3	120
1542	217	0.114678	0.0866865	767	95.1333	132
1543	1154	0.106468	0.0919441	767.833	550.767	157
1544	1155	0.146535	0.109844	768.533	551.5	198
1545	1156	0.119387	0.106367	769.3	552.333	253
1546	1157	0.11761	0.110518	770.033	553.067	297
1547	1158	0.12382	0.165559	770.767	553.6	487
1548	1159	0.122087	0.189111	771.4	554.1	557
1549	1160	0.115033	0.149436	771.833	554.6	434
1550	1161	0.120896	0.132602	772.2	555.1	304
1551	1161	0.122648	0.133161	772.633	555.1	357
1552	1162	0.112552	0.133048	773	555.533	384
1553	1163	0.109165	0.155047	773.367	556	416
1554	1164	0.135008	0.139308	773.7	556.433	365
1555	1165	0.128286	0.112946	774.1	556.867	312
1556	1166	0.120021	0.116691	774.467	557.2	241
1557	1167	0.119065	0.106419	774.9	557.533	254
1558	1168	0.12872	0.131212	775.267	557.933	304
1559	1169	0.124486	0.110707	775.633	558.3	243
1560	1170	0.124906	0.107319	776.033	558.633	218
1561	1172	0.121135	0.0992744	776.4	559.167	274
1562	1173	0.117613	0.0852765	776.733	559.467	243
1563	1174	0.09958	0.110213	777.133	559.8	255
1564	1175	0.100069	0.10693	777.5	560.2	267
1565	1177	0.107608	0.115927	777.867	560.8	259
1566	1178	0.112614	0.133477	778.233	561.067	322
1567	1179	0.11354	0.121545	778.667	561.4	336
1568	1180	0.112304	0.135269	779.067	561.8	352
1569	1181	0.108836	0.120707	779.5	562.2	332
1570	248	0.107894	0.118134	779.9	105.967	310
1571	249	0.111728	0.0996042	780.3	106.367	274
1572	250	0.11682	0.107313	780.7	106.7	262
1573	251	0.106485	0.10205	781.1	107.067	240
1574	252	0.124361	0.0963992	781.467	107.4	247
1575	253	0.120696	0.109367	781.833	107.7	239
1576	254	0.11726	0.116471	782.167	108	244
1577	255	0.124496	0.115577	782.467	108.267	258
1578	256	0.122463	0.120996	782.767	108.533	288
1579	1193	0.12103	0.107785	783.167	566.267	254
1580	1194	0.11892	0.118235	783.5	566.567	271
1581	1195	0.117877	0.11375	783.8	566.833	282
1582	1196	0.114835	0.140921	784.1	567.133	422
1583	1197	0.121888	0.13936	784.4	567.433	444
1584	1198	0.129296	0.126449	784.733	567.767	390
1585	1199	0.124144	0.169801	785	568.067	517
1586	1200	0.12708	0.164183	785.3	568.433	510
1587	1201	0.138643	0.178721	785.533	568.667	615
1588	1202	0.12903	0.201631	785.833	568.967	717
1589	1203	0.122672	0.215995	786.167	569.333	592
1590	1204	0.12194	0.181764	786.533	569.667	501
1591	1205	0.137052	0.186456	786.933	570.033	472
1592	1206	0.140372	0.187434	787.233	570.433	519
1593	1207	0.131037	0.180018	787.767	571.033	496
1594	1208	0.132069	0.192486	788.567	571.933	521
1595	1209	0.144873	0.148318	789.533	573	417
1596	1210	0.136541	0.166191	790.5	574.067	450
1597	1211	0.146779	0.210443	791.433	575.067	556
1598	1212	0.145795	0.188655	792.2	575.9	515
1599	1213	0.140623	0.187921	792.867	576.8	504
1600	1214	0.152576	0.188899	793.7	577.967	477
1601	1215	0.146956	0.174791	794.4	578.833	474
1602	1216	0.151026	0.163577	795.167	579.567	445
1603	1217	0.135077	0.193997	795.9	580.3	470
1604	1218	0.149379	0.213967	796.567	580.9	517
1605	1219	0.160078	0.186471	797.167	581.467	445
1606	1220	0.145105	0.187284	797.667	582.067	510
1607	1221	0.150233	0.162252	798.033	582.467	379
1608	1222	0.144934	0.18472	798.367	582.833	383
1609	1223	0.163518	0.156055	798.6	583.167	319
1610	1223	0.168358	0.167371	798.8	583.167	349
1611	1224	0.186193	0.171189	799	583.433	343
1612	1225	0.164369	0.195973	799.233	583.7	460
1613	1226	0.17426	0.18855	799.433	584	356
1614	806	0.185161	0.168731	799.7	363.2	405
1615	807	0.169185	0.188406	799.933	363.433	398
1616	808	0.175571	0.189521	800.167	363.667	440
1617	809	0.16107	0.171038	800.367	363.933	385
1618	810	0.162403	0.160322	800.533	364.167	381
1619	811	0.158887	0.169254	800.767	364.433	384
1620	812	0.151195	0.190209	801.033	364.667	473
1621	813	0.157219	0.194288	801.267	364.967	452
1622	814	0.170395	0.170723	801.467	365.233	388
1623	815	0.161636	0.173492	801.667	365.567	362
1624	816	0.147768	0.197645	801.933	365.9	301
1625	1237	0.152935	0.197261	802.267	587.2	328
1626	1238	0.160116	0.212979	802.633	587.7	292
1627	1239	0.180709	0.230293	803.033	588.133	279
1628	1240	0.179778	0.224791	803.567	588.567	294
1629	1241	0.134046	0.174835	803.967	589.133	269
1630	1242	0.105929	0.180823	804.333	589.7	202
1631	311	0.140976	0.132476	804.567	132.667	213
1632	312	0.113287	0.138387	804.9	133.067	221
1633	825	0.0853164	0.115882	805.233	371.267	220
1634	314	0.0939632	0.145654	805.467	134.067	267
1635	827	0.0771069	0.147194	805.8	372.2	251
1636	316	0.114945	0.125817	806	134.967	200
1637	829	0.0835453	0.142624	806.567	373.333	290
1638	1249	0.0914725	0.139355	807.5	593.567	382
1639	1250	0.103005	0.185288	808.833	595.433	536
1640	1251	0.096038	0.200542	810	597.733	327
1641	1252	0.128515	0.199574	813.2	600.967	258
1642	1253	0.0963601	0.1824	815.7	604.1	309
1643	1254	0.0861846	0.180028	817.9	606.467	343
1644	1255	0.0869153	0.221928	819.533	608.767	433
1645	1256	0.112412	0.2075	821.133	610.767	444
1646	1258	0.10271	0.120917	822.867	613.167	245
1647	327	0.0965893	0.0973615	824.167	159	182
1648	329	0.0847346	0.092058	826.1	161.867	140
1649	1263	0.110589	0.0754354	827.233	617.7	118
1650	332	0.114293	0.0979047	828.333	165.9	144
1651	332	0.127092	0.11229	829.433	165.9	119
1652	333	0.14211	0.114107	830.533	167.333	132
1653	334	0.114059	0.110395	831.533	168.5	131
1654	335	0.0800724	0.102117	832.8	169.9	83
1655	336	0.0925296	0.127652	834.6	172.167	103
1656	337	0.178372	0.128275	836.033	173.2	102
1657	337	0.146256	0.0905897	837.233	173.2	89
1658	1296	0.0717745	0.104863	840.033	634.133	124
1659	1296	0.192198	0.115838	840.633	634.133	155
1660	1297	0.0824567	0.118055	842.733	635.867	178
1661	1298	0.116327	0.146012	844.2	637.467	187
1662	1299	0.164841	0.190329	845.433	638.9	207
1663	344	0.143024	0.173988	846.433	184.333	209
1664	345	0.15985	0.210478	847.367	185.533	320
1665	346	0.188924	0.267426	848.1	186.4	381
1666	347	0.159001	0.209589	849.233	187.533	384
1667	348	0.138329	0.233388	850.233	188.667	521
1668	349	0.162642	0.244994	851.067	189.6	510
1669	350	0.18615	0.231265	851.7	190.367	422
1670	351	0.174818	0.19773	852.433	191.133	409
1671	352	0.172182	0.174902	853.133	191.8	266
1672	353	0.171374	0.187508	853.7	192.567	307
1673	354	0.160832	0.202092	854.4	193.4	314
1674	355	0.155752	0.223203	854.933	194.4	370
1675	356	0.147225	0.216199	855.533	195.3	380
1676	356	0.228803	0.152791	855.667	195.3	255
1677	357	0.14409	0.165112	856.033	196.033	264
1678	1314	0.150611	0.106385	856.367	650.833	195
1679	359	0.134886	0.105591	856.833	197.633	183
1680	1316	0.12328	0.149494	857.267	651.933	194
1681	900	0.135154	0.131674	857.6	437.567	219
1682	1319	0.120265	0.127589	857.833	652.933	190
1683	1320	0.113168	0.152573	858.3	653.667	272
1684	1321	0.107244	0.14812	859.3	655.6	281
1685	1322	0.122491	0.156981	860.533	656.9	354
1686	364	0.129658	0.168717	861.8	206.1	382
1687	906	0.118223	0.194061	863.167	443.533	534
1688	907	0.112379	0.202725	864.067	444.7	561
1689	908	0.117442	0.193304	864.767	445.533	498
1690	1328	0.129186	0.198433	865.367	662.533	489
1691	1329	0.117252	0.179843	865.967	663.3	524
1692	1330	0.128208	0.176057	866.467	663.867	553
1693	1331	0.121042	0.207414	866.967	664.533	578
1694	1332	0.131104	0.151873	867.6	665.367	421
1695	1333	0.122179	0.194341	868.3	666	522
1696	1334	0.139421	0.165724	868.867	666.6	453
1697	1335	0.130959	0.156455	869.467	667.3	450
1698	1336	0.143731	0.140759	870.067	668.033	360
1699	1337	0.132599	0.146061	870.767	668.733	416
1700	1338	0.120225	0.134995	871.3	669.467	299
1701	1339	0.122609	0.125241	871.8	670.167	275
1702	1340	0.114692	0.12851	872.433	670.7	325
1703	1341	0.133802	0.130861	873.067	671.333	343
1704	925	0.144499	0.144111	873.6	455.4	321
1705	926	0.129043	0.153122	874.2	455.9	390
1706	1343	0.134367	0.126831	874.767	672.6	293
1707	1344	0.133541	0.131482	875.233	673.267	304
1708	1345	0.123019	0.154869	875.7	673.933	407
1709	1346	0.120337	0.150064	876.233	674.533	387
1710	1347	0.127191	0.135088	876.7	675.133	352
1711	1348	0.133173	0.118097	877.133	675.733	257
1712	1348	0.133801	0.133669	877.533	675.733	253
1713	392	0.122729	0.126865	878.067	227.4	259
1714	1350	0.119376	0.13668	878.567	676.933	252
1715	1351	0.131764	0.112227	879.267	677.6	186
1716	28	0.151635	0.101219	880.233	17.9667	81
1717	29	0.162864	0.0910401	882	18.4333	59
1718	30	0.193847	0.102267	882.667	19.0667	38
1719	940	0.167206	0.123339	884.833	464.567	34
1720	1351	0.280796	0.0944368	884.967	677.6	53
1721	1352	0.197289	0.0907282	885.333	678.4	53
1722	940	0.327745	0.112312	885.367	464.567	41
1723	28	0.229792	0.0956595	885.733	17.9667	45
