101	0	0.179509	0.0462594	47.4333	0.7	0
102	1	0.181067	0.0521274	47.7333	3.4	7
103	0	0.185221	0.0469442	48	0.7	0
104	2	0.247693	0.0472788	48.0667	4.33333	7
105	1	0.167538	0.0519741	48.3667	3.4	0
106	5	0.199219	0.0456389	48.5333	6.56667	7
107	2	0.170931	0.0478699	48.8	4.33333	7
108	5	0.321348	0.05651	48.8333	6.56667	0
109	5	0.159724	0.0462135	49.1	6.56667	7
110	4	0.144434	0.0408945	49.4	5.9	7
111	4	0.174738	0.0457463	49.6333	5.9	7
112	5	0.141686	0.0441865	49.9	6.56667	0
113	1	0.162403	0.0461625	50.1333	3.4	0
114	13	0.158433	0.0576795	50.3667	13.2	0
115	14	0.167943	0.0618782	50.6333	13.9	7
116	14	0.156176	0.0543923	50.9	13.9	7
117	14	0.166903	0.0671949	51.1333	13.9	7
118	13	0.155004	0.064764	51.4	13.2	7
119	15	0.152521	0.0664126	51.6667	14.5333	7
120	14	0.170984	0.0615637	51.9333	13.9	7
121	15	0.17244	0.0747685	52.2	14.5333	7
122	16	0.174415	0.0703308	52.5	15.1667	7
123	14	0.185468	0.0732027	52.7667	13.9	7
124	15	0.175882	0.0558615	53.0333	14.5333	7
125	15	0.168414	0.064421	53.3667	14.5333	9
126	15	0.161926	0.0625267	53.7	14.5333	0
127	15	0.153115	0.0598717	54.0333	14.5333	7
128	14	0.168011	0.0692938	54.3333	13.9	7
129	14	0.157439	0.0639229	54.6667	13.9	7
130	19	0.187642	0.0592764	55	17.1333	7
131	14	0.170853	0.0704119	55.3333	13.9	0
132	15	0.179261	0.0690286	55.6	14.5333	7
133	14	0.161827	0.0710084	55.9	13.9	7
134	16	0.166718	0.0631857	56.1	15.1667	7
135	13	0.157812	0.0676493	56.4333	13.2	0
136	15	0.172472	0.0669487	56.8333	14.5333	7
137	14	0.157303	0.0634417	57.2667	13.9	7
138	14	0.169749	0.0691652	57.6667	13.9	0
139	14	0.16165	0.064237	58.1333	13.9	7
140	39	0.177274	0.0670377	58.6667	27.1333	11
141	40	0.165734	0.0657389	59.2	27.5667	8
142	40	0.158772	0.0744942	59.7333	27.5667	7
143	42	0.158328	0.0646947	60.1333	28.4	10
144	41	0.136634	0.0615476	60.6	28	7
145	44	0.129222	0.0714896	61.0333	29.2	10
146	43	0.140119	0.0705698	61.4667	28.8333	9
147	39	0.14198	0.0671889	62	27.1333	10
148	46	0.130757	0.074834	62.5	29.9333	7
149	48	0.1563	0.0774161	63	30.7	9
150	48	0.158442	0.085728	63.3667	30.7	11
151	46	0.15807	0.0860088	63.7	29.9333	9
152	47	0.15422	0.0786954	64.0667	30.3	9
153	47	0.158968	0.0790514	64.4	30.3	10
154	51	0.142122	0.0685981	64.7333	31.6667	8
155	40	0.159192	0.0719634	65.1	28.4	9
156	55	0.157876	0.0767537	65.4333	34.3	7
157	44	0.149617	0.0704787	65.7667	29.2	7
158	40	0.136076	0.0755179	66.2667	27.5667	7
159	51	0.152456	0.0730878	66.8	31.6667	7
160	43	0.132497	0.067749	67.4333	28.8333	9
161	47	0.13191	0.0688088	68.0667	30.3	9
162	55	0.148103	0.0739377	68.5	34.3	8
163	47	0.146998	0.0659596	69	30.3	7
164	44	0.135072	0.0752827	69.4667	29.2	9
165	56	0.135852	0.0691282	69.9	33.8333	7
166	50	0.141237	0.0666661	70.4	31.3333	9
167	54	0.130372	0.0766376	70.9333	32.9	7
168	47	0.141705	0.0748542	71.4667	30.3	7
169	57	0.159049	0.0788542	71.9	34.3	7
170	56	0.141901	0.0730595	72.4	33.8333	7
171	40	0.161325	0.0736412	72.7667	27.5667	9
172	57	0.152581	0.0700325	73.2333	34.3	8
173	53	0.165499	0.0640541	73.7667	32.4333	7
174	38	0.163542	0.0643293	74.3333	27.5667	10
175	37	0.160461	0.0513015	74.9667	27.1333	7
176	3	0.144349	0.057703	75.9	5.13333	9
177	11	0.155696	0.0505755	77.0333	10.6333	7
178	30	0.156484	0.0553768	78.4333	23.2333	7
179	34	0.161355	0.0529171	79.9667	25.5	9
180	2	0.141986	0.0497524	81.1667	4.33333	7
181	0	0.127765	0.0527373	82.3	0.7	7
182	11	0.155187	0.0481371	83.3333	10.6333	7
183	11	0.166667	0.0543219	84.2333	10.6333	0
184	11	0.183296	0.0626593	85	10.6333	8
185	30	0.148125	0.0621913	86.0333	23.2333	7
186	29	0.1323	0.0612279	87.0667	22.7333	0
187	30	0.108364	0.0679323	88.1333	23.2333	7
188	7	0.157598	0.0624889	89.0333	7.73333	7
189	30	0.105823	0.05757	90.2	23.2333	7
190	29	0.11814	0.0621369	91.0333	21.8667	7
191	31	0.118682	0.0619367	91.7667	23.7	7
192	28	0.121101	0.0579621	92.4667	22.2	7
193	33	0.102742	0.0494686	93.2667	23.7	0
194	32	0.139605	0.0689884	94	23.2333	0
195	9	0.133535	0.0528009	94.7	9.23333	7
196	42	0.127933	0.0618758	95.4667	28.4	7
197	5	0.112153	0.0612563	96.2	6.56667	0
198	14	0.128632	0.0686932	96.8333	13.9	0
199	98	0.120046	0.0723632	97.3333	47.1333	7
200	86	0.137063	0.0755705	97.7333	42.7	0
201	57	0.145317	0.0798573	98.1	35.2	7
202	94	0.163329	0.0787971	98.4667	46.0667	0
203	88	0.157016	0.0784569	98.8	43.3333	9
204	86	0.151895	0.0819586	99.1333	42.7	7
205	101	0.157104	0.0798257	99.5	47.4333	8
206	89	0.150632	0.084979	99.9	43.6333	7
207	87	0.156677	0.0893631	100.3	43.6333	9
208	50	0.143798	0.0823493	100.667	31.3333	7
209	56	0.160422	0.088248	101.033	33.8333	7
210	86	0.163325	0.092583	101.4	42.7	8
211	90	0.16087	0.0935373	101.767	44	7
212	102	0.166908	0.0944089	102.033	47.7333	7
213	44	0.158023	0.0913098	102.333	29.2	7
214	104	0.164628	0.085484	102.633	48.0667	7
215	92	0.148837	0.0842332	103.033	44.7	7
216	88	0.157873	0.0868727	103.467	43.3333	7
217	101	0.156604	0.0883154	103.833	47.4333	8
218	105	0.140346	0.0853569	104.2	48.3667	7
219	92	0.154336	0.0886066	104.5	44.7	7
220	101	0.161111	0.089761	104.8	47.4333	9
221	102	0.147929	0.0891882	105.167	47.7333	7
222	95	0.159008	0.0835402	105.5	46.3333	7
223	122	0.141333	0.0979276	105.867	52.5	9
224	101	0.156435	0.102542	106.267	47.4333	7
225	122	0.158876	0.0931521	106.633	52.5	7
226	98	0.164124	0.0951482	107	47.1333	7
227	101	0.157326	0.096981	107.333	47.4333	7
228	123	0.16675	0.0997888	107.667	52.7667	9
229	100	0.177647	0.099739	107.967	47.1333	0
230	123	0.15601	0.0961183	108.233	52.7667	7
231	123	0.149972	0.0961034	108.5	52.7667	7
232	100	0.158661	0.099753	108.767	47.1333	7
233	101	0.177406	0.0991692	109.033	47.4333	7
234	122	0.152071	0.103364	109.333	52.5	9
235	98	0.189966	0.0971379	109.6	47.1333	7
236	123	0.194837	0.10367	109.9	52.7667	7
237	123	0.186889	0.10231	110.167	52.7667	7
238	125	0.176805	0.107461	110.433	53.3667	9
239	101	0.178555	0.0935222	110.733	47.4333	7
240	135	0.169775	0.0959162	111.033	56.4333	9
241	134	0.158635	0.0875646	111.4	56.8333	9
242	125	0.15232	0.0880633	111.833	53.3667	9
243	98	0.144102	0.0791385	112.333	47.1333	7
244	138	0.140043	0.0806001	112.733	58.6667	7
245	136	0.13811	0.0715074	113.3	57.6667	9
246	136	0.146255	0.0602502	113.933	56.8333	7
247	95	0.156482	0.0528717	114.767	46.3333	7
248	108	0.169397	0.055487	115.767	49.4	0
249	146	0.162494	0.0600733	116.733	62.5	7
250	124	0.162549	0.0639615	117.7	53.7	0
251	94	0.174913	0.0607121	118.6	46.0667	7
252	95	0.198011	0.0679557	119.4	46.3333	0
253	49	0.192434	0.0738518	120.167	31.6667	8
254	95	0.218215	0.0650932	120.8	46.3333	0
255	53	0.216013	0.0746631	121.433	33.4	7
256	95	0.203127	0.0715895	122.1	46.3333	0
257	58	0.193298	0.0730365	122.633	35.6	7
258	94	0.195573	0.0852448	123.167	46.0667	7
259	136	0.214056	0.100179	123.6	57.6667	7
260	73	0.211784	0.0975791	124.033	40.0333	0
261	74	0.198612	0.0942653	124.433	40.2667	7
262	74	0.189015	0.0965133	124.8	40.2667	7
263	75	0.192818	0.0916463	125.167	40.4667	7
264	73	0.182084	0.0932215	125.533	40.0333	7
265	133	0.211638	0.0846386	125.867	56.4333	7
266	121	0.229864	0.0804692	126.133	52.2	7
267	98	0.231771	0.0764967	126.4	47.1333	7
268	123	0.246471	0.0675321	126.733	52.7667	0
269	77	0.257119	0.062672	127.1	40.8667	7
270	129	0.272008	0.061653	127.467	54.6667	7
271	136	0.291049	0.0494992	127.833	57.6667	0
272	34	0.314981	0.0552292	128.2	25.5	0
273	28	0.320089	0.0513514	128.567	22.2	0
274	28	0.341786	0.0546264	128.933	22.2	0
275	27	0.363995	0.0442697	129.3	21.8667	0
276	28	0.367863	0.0460736	129.667	22.2	0
277	32	0.382414	0.0387626	130	23.2333	7
278	34	0.328185	0.0441753	130.333	25.5	7
279	158	0.329649	0.0414973	130.733	67.4333	7
280	59	0.329066	0.0524488	131.067	35.9667	7
281	59	0.313299	0.0456428	131.4	35.9667	0
282	59	0.262132	0.0424329	131.733	35.9667	0
283	180	0.259598	0.0379955	132.1	81.1667	0
284	52	0.236495	0.0454811	132.467	32.9	7
285	160	0.225821	0.04012	132.8	68.5	0
286	170	0.220318	0.0397953	133.067	73.2333	0
287	151	0.149295	0.0405521	133.367	64.4	7
288	163	0.150441	0.0439081	133.633	69.9	0
289	74	0.133579	0.0377502	133.933	40.2667	0
290	131	0.135906	0.0341804	134.2	55.9	7
291	177	0.132242	0.0359448	134.533	79.9667	7
292	159	0.133258	0.0358676	134.867	68.0667	7
293	155	0.110555	0.0343113	135.3	65.7667	7
294	93	0.107643	0.035379	136.3	45.7667	7
295	146	0.119758	0.041779	138.867	61.4667	7
296	101	0.14328	0.0432258	140.467	48	7
297	158	0.137445	0.0361117	143.033	67.4333	7
298	158	0.159384	0.0327985	145.867	67.4333	0
299	177	0.127397	0.0327895	148.267	77.0333	0
300	163	0.147806	0.0310874	150.333	69.9	0
301	176	0.128084	0.0372754	152.433	78.4333	7
302	155	0.149098	0.0363431	154.133	65.7667	8
303	115	0.145436	0.0395192	155.6	50.6333	7
304	54	0.129318	0.0355981	157.067	33.8333	7
305	83	0.149176	0.0355248	158.467	42.3667	0
306	125	0.163746	0.0321259	159.8	54.0333	7
307	176	0.138236	0.0327626	161.167	78.4333	0
308	161	0.162472	0.0300328	162.267	69	7
309	130	0.133975	0.0339143	163.367	55.6	0
310	184	0.150867	0.032306	164.467	87.0667	0
311	11	0.161716	0.0268978	165.467	10.6333	0
312	167	0.135233	0.0313559	166.767	71.9	7
313	196	0.179232	0.0282165	167.867	95.4667	0
314	176	0.174312	0.0305756	168.9	78.4333	0
315	56	0.233192	0.0231396	169.7	34.7333	0
316	163	0.116712	0.0229517	171.133	69.9	0
317	80	0.120198	0.0249375	172.733	41.5667	7
318	113	0.106041	0.0275167	174.467	50.6333	7
319	8	0.134667	0.0276207	176.233	8.53333	0
320	41	0.249905	0.0323711	177	28.8333	0
321	176	0.116346	0.0329699	179.267	78.4333	0
322	58	0.299775	0.0345445	179.533	35.6	7
323	180	0.15769	0.0350244	180.8	83.3333	0
324	155	0.145761	0.0402218	182.2	65.7667	7
325	89	0.199044	0.0338196	183	44.3667	0
326	131	0.154968	0.0388368	184.067	55.9	0
327	157	0.169308	0.0420332	185.1	66.8	7
328	99	0.175188	0.046585	185.867	47.4333	7
329	80	0.158518	0.0396306	186.833	41.5667	7
330	129	0.154211	0.0404459	187.667	55.3333	7
331	54	0.134896	0.0426796	188.567	33.8333	7
332	173	0.185676	0.0436152	189.3	74.9667	7
333	173	0.180973	0.0452597	189.933	73.7667	7
334	175	0.193863	0.0421005	190.6	74.9667	7
335	171	0.198647	0.0419551	191.2	73.7667	7
336	96	0.207469	0.0427939	191.767	46.0667	7
337	175	0.184521	0.0388364	192.4	77.0333	7
338	174	0.22316	0.0365929	193.067	74.3333	8
339	176	0.197624	0.0449643	193.733	78.4333	0
340	174	0.198534	0.0404768	194.433	74.3333	7
341	181	0.21959	0.0404379	194.967	84.2333	9
342	176	0.185788	0.0398885	195.467	78.4333	0
343	161	0.211143	0.0447968	195.967	69	7
344	135	0.185635	0.0449412	196.4	57.2667	7
345	0	0.199724	0.044451	196.833	0.7	10
346	3	0.23952	0.0519479	197.133	5.13333	10
347	3	0.219989	0.0558728	197.533	5.13333	7
348	20	0.160957	0.0561294	197.967	16.6	7
349	13	0.144511	0.0605328	198.533	11.8667	10
350	0	0.164068	0.0694166	199.167	0.7	22
351	0	0.148272	0.0992577	200.1	0.7	21
352	0	0.158595	0.109375	202.1	0.7	27
353	0	0.156328	0.13755	204.733	0.7	31
354	0	0.153943	0.137855	206.733	0.7	64
355	0	0.161835	0.164117	209.2	0.7	117
356	0	0.182249	0.172422	210.6	0.7	190
357	1	0.189982	0.198796	211.6	3.4	288
358	2	0.179725	0.187475	212.533	4.33333	253
359	3	0.163386	0.184641	213.533	5.13333	227
360	4	0.172333	0.18786	214.367	5.9	208
361	5	0.169201	0.166293	215.167	6.56667	218
362	6	0.180634	0.171625	215.867	7.13333	184
363	7	0.168069	0.161797	216.567	7.73333	183
364	8	0.166707	0.180771	217.333	8.53333	198
365	9	0.1552	0.178342	218.1	9.23333	186
366	11	0.135992	0.150656	218.733	10.6333	171
367	12	0.157436	0.162331	219.467	11.2333	155
368	12	0.172398	0.16818	220.133	11.2333	175
369	13	0.157613	0.171301	220.967	11.8667	172
370	15	0.161123	0.15354	221.8	13.2	175
371	16	0.14861	0.162934	222.733	13.9	205
372	17	0.153115	0.173375	223.533	14.5333	192
373	18	0.167874	0.170585	224.3	15.1667	153
374	19	0.153627	0.182266	225.133	15.9	162
375	20	0.1682	0.177417	226	16.6	174
376	21	0.184371	0.21411	226.833	17.1333	226
377	22	0.189425	0.238235	227.733	17.7333	213
378	23	0.16234	0.196476	228.467	18.3333	198
379	24	0.168081	0.208631	229.233	18.8333	204
380	26	0.171145	0.180187	229.9	20.0333	108
381	26	0.157257	0.173423	230.433	20.0333	132
382	27	0.141618	0.195763	231.267	20.6667	157
383	27	0.152411	0.154479	231.9	20.6667	127
384	29	0.152785	0.163332	232.567	21.8667	148
385	29	0.160533	0.172708	233.2	21.8667	183
386	31	0.157499	0.17592	233.833	22.7333	172
387	32	0.169304	0.167854	234.4	23.2333	208
388	34	0.114766	0.150055	235.5	24.3333	225
389	35	0.124528	0.139654	236.467	24.9	222
390	35	0.156619	0.136847	237.133	24.9	222
391	37	0.13039	0.12891	238.033	26.0667	228
392	38	0.136351	0.131495	238.733	26.6667	221
393	38	0.123868	0.122474	239.267	26.6667	224
394	41	0.119929	0.104416	239.767	28	83
395	40	0.155678	0.104136	240.167	27.5667	123
396	40	0.140981	0.115432	240.433	27.5667	198
397	40	0.124761	0.145805	240.867	27.5667	330
398	41	0.131372	0.129005	241.267	28	248
399	40	0.134426	0.0981915	241.7	27.5667	98
400	40	0.133442	0.0915761	242.167	27.5667	78
401	46	0.156046	0.0954864	242.933	29.9333	79
402	45	0.165876	0.0898704	243.9	29.5333	86
403	48	0.150474	0.0839687	244.7	30.7	77
404	47	0.165921	0.0853365	245.4	30.3	50
405	48	0.179831	0.0870403	246.067	31.3333	55
406	49	0.184808	0.0831897	246.833	31.6667	55
407	53	0.201393	0.10485	247.6	33.4	43
408	53	0.167644	0.105341	248.267	33.4	76
409	54	0.176689	0.109767	249	33.8333	82
410	53	0.168002	0.112155	249.6	33.4	45
411	56	0.173427	0.121523	250.2	34.7333	65
412	57	0.177203	0.117132	250.767	35.2	50
413	56	0.187103	0.110487	251.2	34.7333	58
414	59	0.169668	0.0999375	251.7	35.9667	53
415	61	0.168925	0.0961669	252.233	35.9667	65
416	62	0.165885	0.102601	252.767	36.3333	80
417	62	0.155775	0.0993048	253.233	36.3333	67
418	64	0.171349	0.105596	253.667	36.9667	87
419	65	0.169535	0.0966601	254.1	37.3333	84
420	65	0.182508	0.0977069	254.7	37.3333	64
421	67	0.184088	0.0988957	255.2	37.9667	100
422	67	0.164981	0.0925512	255.6	38.5333	110
423	70	0.182835	0.0977243	255.967	38.8333	132
424	69	0.165984	0.0907286	256.233	39.1	131
425	70	0.169691	0.0994063	256.5	39.3333	158
426	71	0.185694	0.090196	256.8	39.5667	111
427	73	0.168506	0.0921919	257.1	40.0333	82
428	74	0.179612	0.0995077	257.367	40.2667	82
429	74	0.175237	0.0973398	257.633	40.2667	93
430	74	0.171792	0.0986657	257.867	40.2667	45
431	77	0.179982	0.103356	258.1	40.8667	75
432	78	0.172301	0.0893651	258.3	41.1	71
433	79	0.187372	0.0924779	258.5	41.3333	56
434	79	0.175578	0.0986835	258.7	41.3333	111
435	79	0.175839	0.100249	258.9	41.3333	104
436	75	0.164538	0.112012	259.1	40.4667	14
437	73	0.177407	0.11231	259.3	40.0333	8
438	83	0.183891	0.10077	259.467	41.8667	55
439	81	0.170971	0.101586	259.633	41.8667	66
440	74	0.186291	0.131438	259.8	40.2667	10
441	265	0.190943	0.116292	259.967	126.4	7
442	83	0.200236	0.104395	260.133	42.3667	83
443	83	0.173979	0.102605	260.3	42.3667	44
444	74	0.180451	0.114269	260.467	40.2667	9
445	265	0.186004	0.112135	260.633	126.4	0
446	65	0.184589	0.117222	260.8	37.9667	7
447	87	0.185338	0.10002	260.967	43	45
448	265	0.171746	0.113088	261.133	126.4	0
449	75	0.184161	0.116649	261.267	40.4667	9
450	74	0.179859	0.111203	261.433	40.2667	7
451	267	0.180857	0.110346	261.567	127.1	0
452	74	0.172576	0.112434	261.733	40.2667	9
453	266	0.175105	0.105153	261.9	126.733	7
454	265	0.177579	0.108478	262.033	126.4	7
455	88	0.174979	0.0960637	262.167	44	47
456	90	0.171856	0.115474	262.333	44	23
457	74	0.192116	0.110479	262.467	40.2667	9
458	265	0.176449	0.11037	262.6	126.4	7
459	74	0.169357	0.102419	262.733	40.2667	7
460	91	0.175592	0.100811	262.867	44.3667	46
461	90	0.171089	0.108432	263.033	44.7	80
462	90	0.170281	0.0923352	263.2	44.7	85
463	91	0.170372	0.102488	263.367	45.0333	87
464	91	0.161001	0.10019	263.533	45.0333	114
465	90	0.164894	0.0942651	263.7	44.7	42
466	92	0.160758	0.0888002	263.867	45.4	98
467	92	0.15338	0.0910685	264.067	45.4	129
468	93	0.169199	0.108356	264.267	45.7667	99
469	93	0.164122	0.10048	264.467	45.7667	124
470	94	0.182091	0.105074	264.667	46.0667	125
471	96	0.192535	0.112928	264.9	46.5667	57
472	95	0.190768	0.115918	265.133	46.3333	139
473	97	0.195465	0.119153	265.333	46.8333	48
474	97	0.195596	0.130656	265.567	46.8333	63
475	98	0.220055	0.133448	265.733	47.1333	41
476	98	0.224664	0.12459	265.867	47.1333	46
477	97	0.200321	0.129753	266.033	46.8333	77
478	98	0.19131	0.136454	266.233	47.1333	79
479	100	0.204907	0.122651	266.4	47.1333	71
480	98	0.202185	0.12671	266.567	47.1333	61
481	98	0.21207	0.122468	266.733	47.1333	44
482	102	0.193489	0.121583	266.9	47.7333	54
483	102	0.196872	0.13013	267.067	47.7333	66
484	102	0.187406	0.124457	267.233	47.7333	59
485	104	0.196438	0.119149	267.4	48.0667	74
486	102	0.178777	0.105395	267.6	47.7333	46
487	106	0.187818	0.116151	267.8	48.5333	44
488	105	0.185729	0.112049	268	48.3667	56
489	106	0.183269	0.10975	268.167	48.5333	64
490	106	0.186591	0.103995	268.367	48.5333	61
491	107	0.180734	0.108143	268.567	48.8	54
492	109	0.158152	0.0999206	268.767	49.1	67
493	109	0.181288	0.101393	268.967	49.1	53
494	111	0.188757	0.0994677	269.133	49.6333	58
495	111	0.168646	0.0958613	269.333	49.6333	76
496	75	0.195499	0.09908	269.5	40.4667	7
497	265	0.178762	0.102871	269.667	126.4	7
498	76	0.193418	0.10289	269.833	40.6667	7
499	267	0.168112	0.0989898	270.033	127.1	7
500	102	0.180763	0.101338	270.233	47.7333	7
501	265	0.165971	0.101064	270.433	126.4	7
502	115	0.168412	0.0928165	270.633	50.6333	85
503	267	0.161892	0.0999634	270.8	127.1	7
504	267	0.156341	0.103083	271	127.1	9
505	115	0.169104	0.0926611	271.167	50.6333	44
506	120	0.172773	0.0945476	271.367	51.9333	18
507	118	0.161661	0.100301	271.533	51.4	55
508	119	0.177989	0.0982291	271.733	51.6667	50
509	119	0.18288	0.0985691	271.933	51.6667	71
510	266	0.204603	0.122201	272.133	126.733	8
511	119	0.199516	0.111221	272.333	51.6667	55
512	121	0.193694	0.109781	272.533	52.2	73
513	121	0.198323	0.117791	272.733	52.2	68
514	122	0.208299	0.113859	272.9	52.5	59
515	123	0.187653	0.109124	273.1	52.7667	44
516	123	0.181399	0.11673	273.3	52.7667	50
517	124	0.195003	0.114828	273.5	53.0333	43
518	123	0.201083	0.110041	273.7	53.3667	49
519	265	0.195041	0.122636	273.9	126.4	7
520	266	0.178933	0.12526	274.1	126.733	9
521	124	0.199442	0.10974	274.267	53.7	55
522	124	0.213172	0.120299	274.467	53.7	63
523	124	0.18697	0.110576	274.667	53.7	55
524	127	0.177262	0.111247	274.867	54.0333	48
525	126	0.192865	0.108866	275.033	54.3333	52
526	126	0.178318	0.110857	275.233	54.3333	47
527	127	0.182865	0.105526	275.4	54.6667	54
528	127	0.192233	0.109127	275.567	54.6667	66
529	128	0.197652	0.10336	275.767	55	46
530	129	0.206733	0.10718	275.933	55.3333	41
531	75	0.187672	0.116434	276.133	40.4667	8
532	129	0.186334	0.103469	276.3	55.3333	50
533	129	0.200592	0.100063	276.467	55.3333	74
534	132	0.178063	0.095236	276.667	55.6	49
535	131	0.172193	0.102578	276.867	55.9	60
536	427	0.179363	0.105569	277.067	257.1	13
537	133	0.189165	0.10562	277.267	56.4333	50
538	133	0.18042	0.098034	277.467	56.4333	57
539	133	0.178837	0.110738	277.633	56.4333	69
540	133	0.183669	0.110913	277.8	56.4333	71
541	133	0.174465	0.106765	278	56.4333	65
542	134	0.18541	0.0992162	278.167	56.8333	84
543	135	0.162342	0.102168	278.367	57.2667	60
544	135	0.180874	0.112366	278.533	57.2667	77
545	135	0.174747	0.100661	278.767	57.2667	79
546	134	0.170015	0.111731	279	56.8333	46
547	136	0.195187	0.107477	279.267	57.6667	67
548	136	0.1774	0.11509	279.533	57.6667	66
549	136	0.194381	0.108956	279.8	57.6667	50
550	136	0.204787	0.123897	280	57.6667	42
551	138	0.198945	0.12303	280.267	58.6667	65
552	138	0.186797	0.13141	280.533	58.6667	70
553	138	0.190564	0.117854	280.8	58.6667	62
554	138	0.19517	0.124943	281.033	58.6667	50
555	138	0.181571	0.119489	281.367	58.6667	45
556	139	0.186799	0.110556	281.667	59.2	59
557	140	0.187424	0.110078	281.967	59.7333	68
558	140	0.185786	0.10621	282.267	59.7333	47
559	142	0.17084	0.0963086	282.633	60.6	71
560	443	0.185135	0.102498	282.967	260.3	8
561	142	0.16826	0.0938753	283.367	60.6	43
562	145	0.169009	0.0819154	283.867	62	51
563	420	0.165949	0.0911266	284.5	254.7	42
564	147	0.178457	0.0984424	285.133	63	50
565	147	0.189034	0.0967179	285.633	63	61
566	147	0.171783	0.0904133	286.133	63	47
567	148	0.165428	0.0799866	286.5	63.3667	47
568	147	0.16072	0.0966617	286.833	63	22
569	134	0.161234	0.104006	287.2	56.8333	0
570	150	0.171188	0.103788	287.533	64.0667	41
571	151	0.184912	0.0976821	287.9	64.4	50
572	55	0.183216	0.0944813	288.267	34.3	7
573	443	0.167571	0.0921664	288.633	260.3	11
574	155	0.161434	0.0827962	289.033	65.1	41
575	157	0.152184	0.0767171	289.5	65.7667	63
576	474	0.164478	0.0867674	289.933	265.567	9
577	435	0.146029	0.0855189	290.3	258.9	9
578	157	0.166756	0.0749458	290.7	66.8	66
579	462	0.155317	0.0884536	291.067	263.2	11
580	472	0.14468	0.0819323	291.367	265.133	9
581	470	0.155417	0.0820317	291.6	264.667	9
582	471	0.153873	0.0866719	291.9	264.9	13
583	159	0.159994	0.0723956	292.2	68.0667	55
584	460	0.134777	0.0852828	292.5	262.867	11
585	159	0.151684	0.0838623	292.733	68.0667	52
586	473	0.157607	0.0875672	293	265.333	7
587	161	0.154933	0.0800005	293.267	69	83
588	162	0.16058	0.0813143	293.533	69.4667	71
589	478	0.16203	0.0995734	293.867	266.233	7
590	162	0.168697	0.0823193	294.2	69.4667	61
591	164	0.158891	0.0846956	294.5	69.4667	52
592	164	0.166595	0.0828086	294.867	70.4	82
593	166	0.174834	0.0906427	295.367	70.4	58
594	165	0.167397	0.0832005	295.867	70.9333	71
595	166	0.149492	0.0818614	296.367	71.4667	112
596	167	0.156525	0.0729875	296.867	70.9333	55
597	168	0.140648	0.0733926	297.4	72.4	96
598	170	0.152306	0.0714534	298	73.2333	101
599	170	0.157825	0.0740012	298.567	73.2333	117
600	174	0.1742	0.0737882	299.333	74.3333	95
601	174	0.163209	0.0739202	300.033	74.3333	104
602	174	0.173511	0.0680769	300.6	74.3333	61
603	263	0.159741	0.0700101	301.133	125.867	8
604	174	0.140681	0.0644598	301.567	75.9	94
605	174	0.127086	0.0700657	302.1	75.9	102
606	174	0.128916	0.0590984	302.633	75.9	65
607	175	0.140409	0.0835867	303.2	77.0333	113
608	176	0.136773	0.0730413	303.833	78.4333	104
609	176	0.142535	0.0870366	304.367	78.4333	128
610	176	0.121434	0.0745673	304.933	78.4333	97
611	177	0.157017	0.0812993	305.433	79.9667	77
612	177	0.131434	0.0820796	306.033	79.9667	85
613	177	0.12103	0.0679582	306.633	79.9667	53
614	180	0.140728	0.0659441	307.133	81.1667	43
615	180	0.151234	0.0737227	307.633	81.1667	65
616	180	0.139093	0.0597884	308.133	81.1667	45
617	0	0.134013	0.0659481	308.667	0.7	0
618	407	0.135401	0.0672058	309.2	249	7
619	265	0.134682	0.0624285	309.667	126.4	7
620	406	0.130771	0.0647091	310.167	246.833	0
621	512	0.148904	0.0616696	310.567	272.533	7
622	258	0.131788	0.0609614	311.033	123.167	7
623	406	0.155271	0.0597592	311.4	246.833	0
624	440	0.13609	0.055648	311.767	259.8	7
625	406	0.135383	0.0547008	312.133	246.833	7
626	434	0.132916	0.0552218	312.5	258.7	7
627	20	0.132572	0.0552994	312.867	16.6	7
628	179	0.147678	0.0501584	313.2	82.3	7
629	147	0.145583	0.0487435	313.567	63	7
630	143	0.142029	0.0549865	313.967	60.1333	0
631	180	0.137539	0.0537322	314.333	83.3333	0
632	165	0.168348	0.0571673	314.633	70.9333	7
633	247	0.155123	0.0506737	314.933	114.767	7
634	131	0.130469	0.0549306	315.3	55.9	7
635	153	0.137872	0.0556327	315.633	65.1	7
636	401	0.128932	0.055405	316.033	242.933	7
637	407	0.144243	0.0536823	316.467	247.6	0
638	450	0.135898	0.0546963	316.933	261.433	0
639	8	0.122978	0.0504805	317.567	8.53333	7
640	16	0.160915	0.0455332	318.133	13.9	0
641	359	0.168971	0.0447892	318.7	213.533	0
642	29	0.196262	0.0485667	319.033	21.8667	0
643	374	0.162552	0.0489449	319.6	226.833	0
644	374	0.164161	0.0499603	319.933	226.833	7
645	8	0.147269	0.0513944	320.3	8.53333	7
646	353	0.153005	0.0477009	320.667	204.733	0
647	354	0.126138	0.0517765	321.1	206.733	0
648	351	0.14327	0.049229	321.533	200.1	0
649	360	0.126609	0.062069	321.967	214.367	7
650	351	0.125867	0.04342	322.367	200.1	0
651	353	0.188311	0.0584784	322.533	204.733	7
652	357	0.142967	0.0526119	322.933	211.6	0
653	26	0.186105	0.0527722	323.167	20.0333	0
654	147	0.123216	0.0477879	323.567	63	7
655	31	0.20162	0.0514316	323.733	23.7	0
656	13	0.125917	0.0518	324.067	11.8667	0
657	530	0.104344	0.0533935	324.4	276.3	7
658	136	0.121284	0.0449218	324.667	57.6667	7
659	516	0.146253	0.0557723	324.9	273.3	7
660	481	0.0959151	0.0449943	325.133	266.733	7
661	120	0.12725	0.0523655	325.3	52.5	7
662	481	0.122148	0.0484571	325.533	266.733	0
663	558	0.121034	0.0480579	325.8	282.267	7
664	480	0.108351	0.0567365	326.067	266.567	7
665	520	0.138727	0.0648664	326.3	274.1	7
666	477	0.121123	0.0649374	326.533	266.033	7
667	265	0.123902	0.0626836	326.733	126.4	7
668	555	0.134798	0.0597396	326.967	281.367	7
669	481	0.122652	0.0562004	327.2	266.733	7
670	478	0.105966	0.0644779	327.433	266.233	0
671	477	0.143558	0.0705097	327.6	266.033	0
672	265	0.139487	0.0753051	327.767	126.4	7
673	479	0.130896	0.0716298	327.933	266.4	0
674	521	0.131163	0.0731353	328.133	274.267	7
675	555	0.132648	0.0696496	328.3	281.367	7
676	242	0.117312	0.0671969	328.467	112.733	7
677	264	0.135521	0.0744053	328.633	126.133	7
678	265	0.159207	0.0840157	328.8	126.4	7
679	520	0.140545	0.0859367	328.933	274.1	9
680	481	0.136136	0.08664	329.067	266.733	7
681	481	0.146131	0.086551	329.2	266.733	7
682	516	0.140376	0.0921695	329.333	273.3	7
683	55	0.140948	0.0927201	329.467	34.3	7
684	202	0.162053	0.0950149	329.567	98.4667	14
685	481	0.141205	0.0939791	329.7	266.733	7
686	555	0.156247	0.0881931	329.8	281.367	7
687	267	0.150827	0.0881935	329.933	127.1	7
688	477	0.134892	0.0889211	330.033	266.033	9
689	519	0.148799	0.0968492	330.167	273.9	7
690	264	0.139358	0.0948418	330.3	126.133	7
691	520	0.136868	0.095419	330.433	274.1	7
692	516	0.155404	0.0994228	330.533	273.3	8
693	480	0.167796	0.101501	330.633	266.567	7
694	554	0.164676	0.0967361	330.733	281.033	7
695	96	0.158255	0.10835	330.833	46.5667	7
696	479	0.156859	0.095363	330.967	266.4	7
697	516	0.149379	0.0959493	331.067	273.3	8
698	554	0.145127	0.0891913	331.2	281.033	0
699	551	0.147428	0.0963577	331.3	280.267	0
700	477	0.164653	0.0920486	331.433	266.033	9
701	98	0.149148	0.086286	331.6	47.1333	7
702	96	0.130248	0.0855197	331.8	46.5667	7
703	98	0.150077	0.0958069	331.967	47.1333	7
704	98	0.154427	0.0972937	332.167	47.1333	7
705	527	0.152104	0.0828336	332.367	275.767	0
706	552	0.138626	0.0950666	332.6	280.533	7
707	207	0.159961	0.0833831	332.833	100.3	32
708	555	0.141822	0.0804571	333.033	281.367	7
709	134	0.144553	0.0775461	333.3	56.8333	7
710	483	0.131885	0.0868589	333.567	267.067	7
711	477	0.168596	0.0839284	333.8	266.033	7
712	444	0.144877	0.0729489	334.067	260.467	7
713	475	0.163274	0.0842476	334.3	265.733	7
714	555	0.15911	0.0852054	334.5	281.367	0
715	518	0.157858	0.0866257	334.667	273.7	7
716	84	0.155824	0.0907826	334.833	42.1333	8
717	480	0.155347	0.0916181	335	266.567	7
718	479	0.132925	0.098712	335.2	266.4	7
719	478	0.155832	0.100027	335.367	266.233	7
720	477	0.160448	0.100187	335.5	266.033	9
721	476	0.153008	0.09605	335.667	265.867	0
722	554	0.15205	0.0972677	335.833	281.033	7
723	483	0.155032	0.100411	336	267.067	0
724	478	0.158632	0.0989552	336.133	266.233	7
725	479	0.167139	0.0998204	336.267	266.4	7
726	479	0.170063	0.103874	336.433	266.4	7
727	552	0.148853	0.0980418	336.633	280.533	8
728	550	0.152688	0.0952856	336.867	280	7
729	478	0.157246	0.102703	337.1	266.233	9
730	484	0.159404	0.0994548	337.333	267.233	8
731	480	0.179458	0.096745	337.6	266.567	7
732	549	0.174634	0.0904482	337.833	279.8	0
733	522	0.169201	0.0851979	338.1	274.467	0
734	522	0.144821	0.0827611	338.4	274.467	9
735	474	0.165728	0.0803857	338.733	265.567	7
736	149	0.173788	0.0866539	339.067	63.7	7
737	474	0.151411	0.0832346	339.367	265.567	7
738	555	0.141705	0.081681	339.633	281.367	0
739	138	0.143235	0.0788453	339.933	58.6667	7
740	554	0.170583	0.0839112	340.333	281.033	7
741	528	0.140642	0.0718303	340.767	275.567	7
742	554	0.165419	0.0786207	341.167	281.033	7
743	559	0.147115	0.0782943	341.533	282.633	0
744	224	0.122894	0.0660859	341.9	107	43
745	557	0.146496	0.0690317	342.267	281.967	8
746	553	0.144991	0.0729375	342.633	280.8	7
747	478	0.158056	0.0714627	342.967	266.233	7
748	550	0.144311	0.0763258	343.333	280	7
749	517	0.164577	0.0837485	343.633	273.5	7
750	439	0.149084	0.0775977	343.933	259.633	7
751	234	0.157664	0.0788605	344.2	109.333	46
752	235	0.158215	0.0783759	344.467	109.6	48
753	235	0.159349	0.0823971	344.767	109.6	56
754	236	0.147037	0.0883647	345.067	109.9	52
755	238	0.153107	0.0846184	345.367	110.433	45
756	238	0.142375	0.102681	345.667	110.433	42
757	476	0.156482	0.103145	345.9	265.867	9
758	240	0.161932	0.0954201	346.1	111.033	68
759	240	0.143827	0.0970111	346.3	111.033	57
760	242	0.155819	0.0960102	346.5	111.833	69
761	242	0.146601	0.091515	346.733	111.833	99
762	243	0.151423	0.0909429	347	112.333	85
763	244	0.154474	0.0812762	347.267	112.733	90
764	245	0.144144	0.0795404	347.5	113.3	63
765	246	0.142037	0.077097	347.8	113.933	55
766	245	0.154325	0.0845124	348.133	113.3	61
767	246	0.141961	0.0824478	348.5	113.933	80
768	247	0.148972	0.0898367	348.967	114.767	59
769	247	0.148737	0.0883381	349.5	114.767	60
770	248	0.161579	0.0929975	350.067	115.767	39
771	248	0.171577	0.0774962	350.633	115.767	37
772	148	0.174684	0.0855823	351.2	63.3667	7
773	571	0.164578	0.0847416	351.867	287.9	7
774	259	0.184779	0.0937258	352.433	123.6	7
775	557	0.177229	0.0852557	353.033	281.967	0
776	515	0.172633	0.08576	353.667	273.1	7
777	255	0.173254	0.0864543	354.267	121.433	9
778	554	0.171501	0.0932737	354.9	281.033	0
779	554	0.17653	0.101881	355.367	281.033	0
780	253	0.200614	0.0972572	355.833	120.167	27
781	253	0.179003	0.0955118	356.267	120.167	27
782	254	0.17678	0.098205	356.767	120.8	41
783	254	0.181189	0.105671	357.3	120.8	47
784	255	0.209117	0.0970687	357.7	121.433	54
785	256	0.176526	0.117233	358.067	122.1	70
786	258	0.198002	0.122198	358.5	123.167	48
787	256	0.208486	0.125883	358.867	122.1	69
788	259	0.211557	0.131147	359.333	123.6	62
789	259	0.20613	0.13309	359.767	123.6	70
790	260	0.202454	0.135483	360.2	124.033	77
791	260	0.191993	0.156911	360.567	124.033	111
792	264	0.183899	0.150375	361.033	125.533	74
793	264	0.196745	0.163638	361.467	125.533	105
794	263	0.191033	0.157258	361.867	125.167	133
795	265	0.194658	0.179777	362.233	125.867	139
796	266	0.216837	0.200293	362.6	126.133	181
797	270	0.235063	0.21452	362.9	127.467	180
798	270	0.242733	0.218189	363.2	127.467	195
799	270	0.247257	0.247967	363.5	127.467	313
800	271	0.239417	0.255908	363.867	127.833	364
801	271	0.256423	0.295614	364.233	127.833	411
802	272	0.28097	0.306502	364.567	128.2	503
803	273	0.288868	0.349008	365	128.567	488
804	274	0.326655	0.355226	365.4	128.933	485
805	275	0.335775	0.368978	365.833	129.3	459
806	276	0.373599	0.366529	366.3	129.667	438
807	276	0.347088	0.357431	366.767	129.667	340
808	277	0.366362	0.349124	367.2	130	364
809	279	0.328816	0.337087	367.667	130.733	341
810	279	0.346579	0.332044	368.033	130.733	295
811	281	0.319049	0.288674	368.433	131.4	285
812	280	0.296817	0.286312	368.8	131.067	166
813	283	0.294245	0.277834	369.233	132.1	290
814	284	0.293394	0.252795	369.567	132.467	245
815	284	0.252325	0.222385	369.9	132.467	173
816	284	0.211616	0.199339	370.2	132.467	160
817	286	0.182751	0.180298	370.533	133.067	177
818	287	0.154025	0.165667	370.9	133.367	214
819	288	0.171678	0.15571	371.233	133.633	217
820	289	0.146195	0.221485	371.5	133.933	349
821	290	0.143698	0.170329	371.767	134.2	251
822	291	0.131637	0.207623	372.1	134.533	280
823	292	0.132129	0.150628	372.4	134.867	178
824	292	0.125628	0.141963	372.667	134.867	158
825	294	0.0934294	0.17213	373.3	136.3	303
826	295	0.103086	0.166073	374.5	138.867	288
827	296	0.156108	0.173238	376.467	140.467	269
828	297	0.146141	0.222721	378.4	143.033	290
829	298	0.182519	0.187895	380.333	145.867	237
830	299	0.162568	0.146149	382.333	148.267	164
831	300	0.147163	0.173909	384	150.333	194
832	300	0.132481	0.165705	385.367	150.333	171
833	301	0.144764	0.17784	386.933	152.433	254
834	302	0.130678	0.24847	388.467	154.133	404
835	303	0.141274	0.167175	389.967	155.6	266
836	303	0.131748	0.12115	391.7	155.6	160
837	304	0.13085	0.101768	393.3	157.067	112
838	307	0.157657	0.123612	394.567	161.167	104
839	307	0.154348	0.121594	396.233	161.167	138
840	308	0.130685	0.174617	397.8	162.267	203
841	308	0.124573	0.12132	399.267	162.267	142
842	312	0.152542	0.118416	400.367	166.767	84
843	310	0.164047	0.0940536	401.467	164.467	81
844	312	0.178281	0.0890444	402.3	166.767	63
845	312	0.145764	0.0773241	403	166.767	54
846	310	0.110336	0.0678573	403.6	164.467	44
847	311	0.147413	0.0512559	404.067	165.467	43
848	310	0.144205	0.0634212	404.467	166.767	47
849	311	0.124312	0.0671241	404.967	167.867	41
850	311	0.137294	0.0572351	405.433	167.867	43
851	311	0.151376	0.0630975	405.867	167.867	44
852	311	0.139361	0.0637909	406.4	167.867	52
853	312	0.140477	0.0543661	406.933	168.9	42
854	312	0.150193	0.0629976	407.6	168.9	47
855	315	0.158749	0.042122	408.167	172.733	20
856	314	0.161724	0.0412409	408.6	171.133	28
857	312	0.171452	0.0404087	409.1	168.9	16
858	314	0.127358	0.0506872	409.667	171.133	21
859	315	0.136568	0.0437583	410.233	172.733	26
860	315	0.152466	0.0398503	410.567	172.733	25
861	315	0.117545	0.0459353	411.1	172.733	26
862	315	0.214439	0.0391993	411.333	172.733	26
863	728	0.115857	0.0378903	411.833	337.333	0
864	315	0.140774	0.0430421	412.2	172.733	24
865	314	0.143096	0.0375793	412.6	171.133	8
866	317	0.14002	0.0397225	413.067	172.733	22
867	316	0.137951	0.0415032	414.233	171.133	22
868	324	0.274317	0.0403097	415.267	184.067	0
869	319	0.187	0.0310625	416.333	176.233	21
870	317	0.168994	0.0341902	417.3	172.733	15
871	320	0.158865	0.0444225	418.3	177	26
872	320	0.213528	0.0325178	418.933	177	25
873	320	0.149545	0.0401542	419.833	177	21
874	322	0.122333	0.0470485	420.633	179.533	41
875	322	0.154605	0.0342376	421.233	179.533	38
876	322	0.190155	0.0425769	421.733	179.533	37
877	322	0.142176	0.0367488	422.4	179.533	20
878	322	0.218558	0.0409091	422.767	179.533	15
879	322	0.115696	0.0353535	423.5	182.2	21
880	322	0.267841	0.0362728	423.667	182.2	18
881	322	0.0965933	0.0500338	424.367	182.2	19
882	323	0.264968	0.0410811	424.567	180.8	7
883	325	0.145024	0.0464822	425	183	23
884	325	0.302334	0.0315651	425.167	183	20
885	323	0.170364	0.0426054	425.633	180.8	15
886	323	0.159567	0.0397617	426.267	180.8	12
887	337	0.112162	0.0490764	426.967	193.733	7
888	332	0.179197	0.0594061	427.3	190.6	7
889	327	0.105342	0.069549	427.8	185.1	21
890	332	0.188175	0.0763964	428.4	189.3	21
891	332	0.175701	0.093975	428.967	189.3	42
892	332	0.190999	0.109198	429.8	189.3	54
893	332	0.155088	0.130183	430.7	189.3	91
894	333	0.160737	0.142553	431.467	189.933	105
895	334	0.173908	0.159822	432.033	190.6	172
896	335	0.196063	0.150797	432.6	191.2	157
897	335	0.200335	0.149291	433.1	191.2	157
898	338	0.186445	0.166905	433.633	193.067	126
899	338	0.216583	0.162097	434.033	193.067	135
900	338	0.216773	0.163595	434.4	193.067	128
901	339	0.228008	0.156062	434.733	193.733	114
902	340	0.196974	0.16061	435.2	194.433	156
903	341	0.196423	0.168675	435.6	194.967	142
904	343	0.158328	0.171368	436	195.967	139
905	343	0.172037	0.161123	436.333	195.967	158
906	347	0.145529	0.136008	436.633	197.533	110
907	345	0.177158	0.145237	436.867	196.833	130
908	346	0.159276	0.121233	437.1	197.133	93
909	349	0.141283	0.122404	437.433	198.533	143
910	350	0.140951	0.123372	437.9	199.167	120
911	351	0.116773	0.179973	438.333	200.1	169
912	352	0.111929	0.118006	439.1	202.1	123
913	352	0.171547	0.12169	439.867	202.1	98
914	353	0.16046	0.124855	440.867	204.733	103
915	354	0.160057	0.141231	441.967	206.733	120
916	354	0.145209	0.155743	443.133	206.733	192
917	355	0.15188	0.18492	444.433	209.2	268
918	356	0.162193	0.179272	445.333	210.6	212
919	357	0.159795	0.202426	446.2	211.6	207
920	358	0.160385	0.157704	447.067	212.533	221
921	359	0.178415	0.160689	447.7	213.533	166
922	4	0.175578	0.147447	448.333	5.9	134
923	361	0.16094	0.153029	448.933	215.167	131
924	361	0.142673	0.183444	449.567	215.167	158
925	363	0.168859	0.20485	450.267	216.567	247
926	364	0.177687	0.201935	450.933	217.333	244
927	365	0.154584	0.174832	451.8	218.1	256
928	366	0.15134	0.169007	452.5	218.733	259
929	367	0.168464	0.168306	453.133	219.467	255
930	368	0.17064	0.162545	453.833	220.133	237
931	369	0.15383	0.195277	454.533	220.967	305
932	370	0.154123	0.181899	455.333	221.8	222
933	371	0.171982	0.215012	456.033	222.733	293
934	372	0.174638	0.181526	456.7	223.533	234
935	373	0.175173	0.175717	457.4	224.3	198
936	374	0.170467	0.18351	458.267	225.133	219
937	375	0.176408	0.165424	459.1	226	195
938	376	0.162229	0.164287	460.033	226.833	156
939	377	0.165877	0.154402	460.767	227.733	176
940	378	0.14568	0.137518	461.5	228.467	129
941	379	0.146623	0.128347	462.233	229.233	130
942	381	0.1514	0.125933	462.867	230.433	126
943	382	0.128283	0.130106	463.6	231.267	151
944	383	0.139802	0.124918	464.133	231.9	165
945	384	0.138997	0.124767	464.633	232.567	133
946	384	0.144291	0.147993	465.1	232.567	214
947	385	0.140708	0.148517	465.567	233.2	202
948	386	0.128659	0.142741	466.033	233.833	174
949	387	0.13556	0.156195	466.7	234.4	242
950	388	0.128047	0.157925	467.467	235.5	218
951	34	0.134654	0.151495	468.067	24.3333	198
952	35	0.130483	0.143047	468.8	24.9	242
953	36	0.137625	0.151831	469.533	25.5	339
954	37	0.137618	0.171139	470.233	26.0667	352
955	38	0.136117	0.144344	470.867	26.6667	277
956	39	0.129923	0.138322	471.567	27.1333	269
957	397	0.150947	0.160943	472.167	240.867	371
958	398	0.146051	0.14668	472.833	241.267	297
959	43	0.143789	0.118496	473.367	28.8333	207
960	43	0.143655	0.126286	473.867	28.8333	245
961	44	0.16066	0.14191	474.267	29.2	269
962	45	0.154101	0.137561	474.733	29.5333	239
963	47	0.155883	0.13238	475.2	30.3	260
964	47	0.147084	0.127881	475.633	30.3	230
965	48	0.142476	0.141681	476.033	30.7	223
966	50	0.164727	0.133678	476.467	31.3333	222
967	52	0.159503	0.128245	476.9	32	168
968	51	0.156512	0.134827	477.3	31.6667	202
969	53	0.148704	0.121356	477.767	32.4333	212
970	53	0.135169	0.120769	478.267	32.4333	207
971	55	0.146054	0.124942	478.833	33.4	208
972	56	0.171732	0.127077	479.233	33.8333	164
973	56	0.139675	0.117436	479.733	33.8333	230
974	57	0.15483	0.132747	480.1	34.3	208
975	57	0.158485	0.108973	480.4	34.3	148
976	58	0.145732	0.100317	480.8	34.7333	164
977	59	0.154731	0.094256	481.2	35.2	155
978	59	0.15572	0.0894606	481.533	35.2	112
979	60	0.16703	0.0957473	481.833	35.6	126
980	61	0.169161	0.0841914	482.167	35.9667	120
981	62	0.168654	0.0872078	482.467	36.3333	82
982	62	0.15919	0.0911987	482.8	36.3333	137
983	71	0.160585	0.0896173	483.133	39.1	15
984	64	0.148686	0.0905714	483.4	36.9667	99
985	87	0.160422	0.0944147	483.7	43.6333	12
986	65	0.162447	0.086185	484	37.3333	133
987	66	0.178699	0.0981778	484.333	37.6667	174
988	67	0.169785	0.0954578	484.6	37.9667	146
989	68	0.168029	0.0904141	484.933	38.2667	122
990	69	0.17185	0.0947942	485.2	38.5333	123
991	70	0.177802	0.0933116	485.533	38.8333	118
992	71	0.173706	0.09757	485.833	39.1	112
993	71	0.175494	0.0957264	486.167	39.1	103
994	72	0.170337	0.0936085	486.533	39.3333	76
995	73	0.168482	0.107722	486.9	40.0333	64
996	74	0.179857	0.12026	487.3	40.2667	90
997	75	0.189489	0.109589	487.7	40.4667	72
998	77	0.181857	0.125307	488.033	40.8667	81
999	78	0.192423	0.112515	488.4	41.1	72
1000	79	0.192763	0.105688	488.767	41.3333	51
1001	83	0.188581	0.0989787	489.1	41.8667	108
1002	83	0.20013	0.10227	489.5	42.3667	51
1003	83	0.176979	0.100857	489.867	42.3667	58
1004	86	0.190869	0.110663	490.2	42.7	124
1005	87	0.17464	0.101732	490.533	43.6333	52
1006	85	0.169448	0.117356	490.933	43	76
1007	86	0.200352	0.128468	491.3	43.3333	87
1008	87	0.218628	0.118334	491.667	43.6333	72
1009	87	0.19341	0.113344	492.067	43.6333	41
1010	91	0.210315	0.10693	492.4	44.3667	106
1011	92	0.210328	0.113672	492.8	45.4	45
1012	92	0.190187	0.110003	493.167	45.4	93
1013	92	0.182152	0.108611	493.5	45.4	81
1014	93	0.202413	0.116565	493.833	45.7667	89
1015	95	0.195597	0.120777	494.2	46.3333	55
1016	95	0.186383	0.124628	494.567	46.3333	65
1017	98	0.214716	0.113335	494.833	46.5667	103
1018	98	0.192881	0.124657	495.1	46.5667	83
1019	99	0.189889	0.110693	495.433	46.8333	107
1020	100	0.173751	0.113376	495.767	47.1333	103
1021	98	0.176378	0.106525	496.1	47.1333	48
1022	103	0.166149	0.118304	496.467	48	124
1023	105	0.18998	0.110159	496.833	48.3667	127
1024	101	0.199132	0.111024	497.167	47.4333	44
1025	102	0.187148	0.10306	497.533	47.7333	43
1026	109	0.19915	0.104241	497.9	49.1	106
1027	109	0.195618	0.106234	498.233	49.1	56
1028	111	0.175941	0.101861	498.6	49.6333	77
1029	115	0.184427	0.0980771	498.967	50.6333	43
1030	114	0.191707	0.104242	499.3	50.3667	127
1031	120	0.196003	0.109786	499.6	51.9333	43
1032	119	0.205607	0.107555	499.933	51.6667	47
1033	120	0.208098	0.115626	500.233	51.9333	49
1034	118	0.203237	0.113811	500.467	51.4	107
1035	119	0.194797	0.115591	500.767	51.6667	122
1036	120	0.199992	0.114771	501.033	51.9333	110
1037	123	0.207235	0.123133	501.3	52.7667	65
1038	121	0.196118	0.115699	501.567	52.7667	57
1039	120	0.206945	0.124537	501.867	52.5	81
1040	121	0.195499	0.122421	502.167	52.2	61
1041	123	0.201495	0.116735	502.567	53.3667	138
1042	124	0.206195	0.120723	502.933	53.7	161
1043	125	0.200346	0.116704	503.333	54.0333	160
1044	126	0.200331	0.128783	503.767	54.3333	157
1045	127	0.195091	0.120261	504.167	54.6667	158
1046	130	0.200142	0.115424	504.567	55	126
1047	129	0.175923	0.115051	504.933	55.3333	130
1048	131	0.177853	0.114338	505.4	55.9	106
1049	132	0.195789	0.120723	505.8	56.1	91
1050	133	0.193315	0.115391	506.167	56.4333	115
1051	133	0.189284	0.117867	506.533	56.4333	80
1052	135	0.201214	0.125917	506.9	57.2667	104
1053	138	0.171267	0.12317	507.5	57.6667	136
1054	137	0.185307	0.138442	508.067	58.1333	163
1055	137	0.185915	0.133047	508.6	58.1333	67
1056	139	0.194316	0.13358	509.2	59.2	122
1057	140	0.19981	0.128588	509.7	59.7333	126
1058	140	0.184854	0.126257	510.2	59.7333	61
1059	142	0.175089	0.1377	510.733	60.6	123
1060	143	0.164257	0.114877	511.2	61.0333	128
1061	144	0.176016	0.124406	511.6	61.4667	104
1062	144	0.182785	0.125421	512.033	61.4667	93
1063	146	0.161049	0.121065	512.4	62.5	96
1064	146	0.144044	0.118895	512.8	62.5	119
1065	147	0.171038	0.132395	513.3	63	107
1066	148	0.189864	0.126128	513.767	63.3667	126
1067	150	0.174384	0.120613	514.267	64.0667	103
1068	150	0.174853	0.110426	514.767	64.0667	107
1069	151	0.171907	0.112056	515.267	64.4	82
1070	153	0.168153	0.0988488	515.733	65.1	77
1071	154	0.169142	0.123476	516.167	65.4333	70
1072	154	0.175056	0.10717	516.6	65.4333	52
1073	156	0.165807	0.0922465	516.967	66.2667	49
1074	157	0.189321	0.110938	517.3	66.8	63
1075	157	0.17124	0.114097	517.633	66.8	62
1076	158	0.179164	0.109949	517.933	67.4333	63
1077	157	0.167717	0.118817	518.367	66.8	73
1078	158	0.192741	0.123485	518.833	67.4333	108
1079	158	0.198974	0.12154	519.267	67.4333	76
1080	160	0.178244	0.106134	519.7	68.5	72
1081	161	0.179347	0.111053	520.1	69	48
1082	161	0.15472	0.107113	520.533	69	79
1083	162	0.156399	0.0963242	521.067	69.4667	58
1084	164	0.151801	0.096181	521.533	69.4667	56
1085	166	0.162573	0.104509	522.033	70.4	105
1086	166	0.159272	0.103703	522.5	70.4	121
1087	166	0.153359	0.101229	522.967	70.4	92
1088	168	0.145658	0.10803	523.4	71.4667	105
1089	168	0.166047	0.115242	523.9	71.4667	101
1090	168	0.176256	0.113297	524.467	71.4667	68
1091	171	0.186253	0.112374	525	72.7667	101
1092	172	0.156756	0.101231	525.567	73.2333	86
1093	171	0.188809	0.104724	526.1	72.7667	70
1094	173	0.162825	0.104136	526.533	73.7667	99
1095	174	0.165485	0.0961426	526.967	74.3333	72
1096	174	0.152221	0.101239	527.5	74.3333	81
1097	175	0.17919	0.094534	528	74.9667	76
1098	176	0.171409	0.100817	528.533	75.9	83
1099	177	0.184098	0.0972825	529.067	77.0333	48
1100	177	0.142994	0.088263	529.9	77.0333	70
1101	177	0.157697	0.106831	530.667	77.0333	73
1102	178	0.151799	0.0937399	531.8	78.4333	86
1103	177	0.157286	0.0761961	532.933	79.9667	62
1104	179	0.158052	0.0679453	533.733	79.9667	49
1105	178	0.134252	0.0940391	534.4	81.1667	98
1106	179	0.152425	0.0920151	534.933	82.3	60
1107	180	0.146269	0.0935679	535.6	83.3333	79
1108	180	0.149037	0.105951	536.3	83.3333	89
1109	181	0.13172	0.108975	536.867	84.2333	107
1110	182	0.133382	0.120607	537.4	85	102
1111	182	0.120808	0.111048	537.967	85	100
1112	181	0.140348	0.0896663	538.5	82.3	82
1113	182	0.157687	0.11457	539.4	83.3333	77
1114	182	0.183442	0.103207	540.233	83.3333	82
1115	182	0.161432	0.0845167	541.7	83.3333	59
1116	182	0.142272	0.0871175	543.267	83.3333	48
1117	187	0.186481	0.079606	544.4	90.2	96
1118	191	0.145553	0.0842364	545.7	91.7667	101
1119	189	0.224891	0.103735	546.067	91.7667	130
1120	192	0.13866	0.0764399	547.033	92.4667	87
1121	190	0.148224	0.0784834	547.567	92.4667	71
1122	193	0.147069	0.073979	548	93.2667	99
1123	194	0.137835	0.0941447	548.633	94	118
1124	194	0.137609	0.0902754	549.433	94	88
1125	196	0.144264	0.113483	550.067	95.4667	125
1126	198	0.128533	0.0947153	550.833	96.8333	55
1127	198	0.143667	0.0950469	551.6	96.8333	113
1128	199	0.145156	0.0937855	552.4	97.3333	127
1129	200	0.136265	0.101536	553.133	97.7333	124
1130	200	0.141562	0.102498	553.667	97.7333	106
1131	203	0.13492	0.105371	554.2	98.8	139
1132	204	0.139155	0.122784	554.767	99.1333	136
1133	205	0.132013	0.115404	555.3	99.5	161
1134	207	0.134409	0.110664	555.8	100.3	138
1135	207	0.138282	0.123499	556.233	100.3	127
1136	207	0.136537	0.119687	556.667	100.3	113
1137	210	0.15855	0.118268	557.033	101.4	146
1138	210	0.15759	0.127315	557.433	101.4	146
1139	212	0.160147	0.126335	557.8	102.033	143
1140	212	0.17187	0.130711	558.133	102.033	160
1141	213	0.163245	0.125527	558.533	102.333	167
1142	215	0.170774	0.125028	558.867	103.033	197
1143	213	0.163504	0.126716	559.2	102.333	162
1144	216	0.16232	0.154752	559.6	103.467	277
1145	216	0.16259	0.15478	560	103.467	275
1146	217	0.151864	0.142103	560.367	103.833	295
1147	219	0.140665	0.130252	560.7	104.5	215
1148	221	0.141262	0.110906	561	105.167	157
1149	223	0.146708	0.10883	561.367	105.867	81
1150	220	0.156053	0.106984	561.767	104.8	116
1151	220	0.146079	0.114349	562.2	104.8	115
1152	224	0.151148	0.137844	562.567	106.267	233
1153	224	0.159057	0.135447	563.033	106.267	230
1154	226	0.17213	0.141274	563.4	107	243
1155	226	0.152262	0.134405	563.8	107	182
1156	228	0.154682	0.133007	564.167	107.667	218
1157	229	0.170676	0.139794	564.5	107.967	176
1158	228	0.177118	0.132449	564.833	107.667	179
1159	229	0.184707	0.138239	565.167	107.967	171
1160	229	0.169663	0.128244	565.5	107.967	159
1161	234	0.157324	0.135732	565.833	109.333	171
1162	232	0.169275	0.140064	566.167	108.767	167
1163	235	0.16195	0.137784	566.467	109.6	160
1164	234	0.148222	0.126812	566.733	109.333	136
1165	238	0.154251	0.139119	567.033	110.433	206
1166	238	0.144859	0.126075	567.333	110.433	169
1167	237	0.143442	0.126886	567.667	110.167	156
1168	241	0.154582	0.119706	567.967	111.4	193
1169	240	0.15398	0.115805	568.3	111.033	120
1170	758	0.150844	0.112315	568.633	346.1	201
1171	760	0.142166	0.111544	568.967	346.5	114
1172	243	0.154753	0.106367	569.3	112.333	164
1173	245	0.140739	0.116465	569.633	113.3	217
1174	246	0.155076	0.13098	570	113.933	223
1175	247	0.137122	0.159702	570.667	114.767	286
1176	247	0.139801	0.162994	571.433	114.767	285
1177	248	0.151492	0.145532	572.467	115.767	315
1178	249	0.148869	0.16997	573.467	116.733	313
1179	250	0.172265	0.187811	574.467	117.7	309
1180	251	0.181676	0.196223	575.467	118.6	329
1181	252	0.201838	0.220576	576.467	119.4	398
1182	253	0.207654	0.249643	577.4	120.167	427
1183	254	0.204532	0.24127	578.267	120.8	431
1184	255	0.220192	0.296886	579	121.433	574
1185	256	0.199164	0.303105	579.633	122.1	604
1186	257	0.18676	0.281255	580.233	122.633	573
1187	258	0.204716	0.250829	580.767	123.167	547
1188	259	0.215265	0.241064	581.233	123.6	552
1189	260	0.207059	0.252456	581.633	124.033	577
1190	261	0.20757	0.251944	582.067	124.433	602
1191	262	0.200621	0.240404	582.433	124.8	612
1192	263	0.187771	0.23246	582.767	125.167	597
1193	264	0.200781	0.237302	583.067	125.533	558
1194	265	0.204383	0.247084	583.367	125.867	534
1195	266	0.212278	0.247665	583.667	126.133	536
1196	267	0.227547	0.286755	583.933	126.4	548
1197	268	0.258387	0.27033	584.2	126.733	529
1198	269	0.258928	0.285936	584.533	127.1	529
1199	270	0.268515	0.305851	584.867	127.467	442
1200	271	0.278263	0.300366	585.167	127.833	419
1201	272	0.279694	0.32247	585.5	128.2	398
1202	273	0.287721	0.318483	585.833	128.567	434
1203	274	0.319531	0.353861	586.167	128.933	463
1204	805	0.336988	0.364191	586.533	365.833	451
1205	276	0.356184	0.379903	586.9	129.667	403
1206	807	0.340856	0.37231	587.267	366.767	441
1207	808	0.355895	0.366433	587.567	367.2	390
1208	279	0.344203	0.376909	587.933	130.733	395
1209	279	0.381035	0.369582	588.2	130.733	379
1210	811	0.331498	0.316063	588.467	368.433	306
1211	281	0.304895	0.308661	588.733	131.4	309
1212	282	0.281265	0.290203	589.067	131.733	274
1213	283	0.306343	0.284955	589.367	132.1	261
1214	814	0.309466	0.279278	589.667	369.567	168
1215	285	0.265339	0.220255	590	132.8	184
1216	285	0.221542	0.183443	590.333	132.8	168
1217	286	0.217621	0.150073	590.533	133.067	157
1218	287	0.181792	0.126614	590.767	133.367	160
1219	288	0.122565	0.138641	591.067	133.633	146
1220	290	0.121847	0.117066	591.367	134.2	113
1221	291	0.141771	0.112179	591.633	134.533	118
1222	291	0.116016	0.138789	592.033	134.533	142
1223	824	0.132681	0.135044	592.433	372.667	116
1224	293	0.146723	0.13437	592.867	135.3	228
1225	826	0.118285	0.144116	593.767	374.5	253
1226	827	0.120996	0.199318	595.767	376.467	324
1227	828	0.152327	0.286895	597.967	378.4	363
1228	829	0.170199	0.315022	600.433	380.333	373
1229	299	0.166632	0.230134	602.5	148.267	210
1230	300	0.132634	0.203497	604.733	150.333	207
1231	301	0.150839	0.116047	606	152.433	152
1232	302	0.128161	0.127783	607.8	154.133	133
1233	303	0.120802	0.112951	609.833	155.6	145
1234	304	0.147706	0.138078	611.2	157.067	160
1235	304	0.152816	0.13406	612.3	157.067	167
1236	305	0.137553	0.134961	613.267	158.467	161
1237	305	0.153082	0.123781	614	158.467	125
1238	306	0.119664	0.0983677	614.633	159.8	136
1239	307	0.126693	0.0848275	615.367	161.167	77
1240	307	0.132061	0.0951815	616.067	161.167	104
1241	307	0.125899	0.086038	616.6	161.167	119
1242	307	0.130106	0.0555966	617.033	161.167	56
1243	308	0.113701	0.0550982	617.533	162.267	79
1244	840	0.102241	0.0672638	618.033	397.8	77
1245	309	0.0931165	0.0732573	618.633	163.367	87
1246	839	0.105414	0.0616066	619.233	399.267	46
1247	310	0.139985	0.0815542	619.767	164.467	68
1248	310	0.12392	0.0662958	620.4	164.467	52
1249	311	0.158631	0.069292	620.767	165.467	53
1250	310	0.111801	0.055574	621.233	166.767	43
1251	310	0.139526	0.0651347	621.7	166.767	49
1252	310	0.132049	0.0685495	622.1	166.767	81
1253	310	0.165537	0.0736264	622.367	166.767	70
1254	311	0.124336	0.050305	622.8	167.867	47
1255	310	0.283862	0.0457546	622.867	166.767	44
1256	312	0.0975195	0.0484498	623.367	168.9	54
1257	313	0.207012	0.0573494	623.533	169.7	41
1258	313	0.123766	0.0613363	624.033	169.7	41
1259	312	0.314327	0.0522365	624.1	168.9	45
1260	313	0.138004	0.0477595	624.567	169.7	37
1261	313	0.384375	0.0461336	624.6	169.7	38
1262	312	0.0850569	0.0470829	625.3	168.9	29
1263	314	0.326957	0.051234	625.333	171.133	26
1264	314	0.113886	0.0439204	625.833	171.133	23
1265	314	0.245773	0.0391977	625.933	171.133	20
1266	314	0.132243	0.0390067	626.5	171.133	18
1267	314	0.292202	0.0350467	626.6	171.133	16
1268	314	0.0932914	0.0689834	627.333	168.9	24
1269	316	0.330758	0.0604944	627.467	171.133	41
1270	317	0.111068	0.0725672	628.567	172.733	77
1271	317	0.160938	0.0909768	629.433	172.733	65
1272	319	0.147029	0.0813306	631.333	176.233	78
1273	321	0.13593	0.108912	633.233	179.267	102
1274	322	0.148531	0.143504	634.533	179.533	165
1275	322	0.142601	0.182782	635.833	179.533	212
1276	323	0.184411	0.215311	636.567	180.8	272
1277	324	0.134236	0.224398	637.733	182.2	309
1278	325	0.183709	0.224836	638.467	183	263
1279	326	0.150599	0.216084	639.7	184.067	288
1280	327	0.169443	0.233788	640.6	185.1	288
1281	329	0.137555	0.186986	641.567	186.833	180
1282	329	0.139913	0.168911	642.5	186.833	216
1283	330	0.161499	0.169727	643.2	187.667	202
1284	331	0.158942	0.179718	643.967	188.567	261
1285	332	0.168193	0.180903	644.7	189.3	289
1286	333	0.165399	0.204965	645.4	189.933	375
1287	334	0.181058	0.232244	645.967	190.6	405
1288	335	0.183469	0.221565	646.567	191.2	397
1289	335	0.188276	0.217416	647.1	191.2	308
1290	898	0.182303	0.192272	647.667	433.633	241
1291	898	0.197563	0.203089	648.133	433.633	277
1292	900	0.194655	0.225708	648.667	434.4	255
1293	339	0.196429	0.228203	649	193.733	295
1294	340	0.213084	0.265213	649.3	194.433	349
1295	341	0.195656	0.270854	649.667	194.967	437
1296	342	0.200831	0.259422	650	195.467	428
1297	343	0.200477	0.202762	650.4	195.967	220
1298	344	0.199619	0.188623	650.7	196.4	197
1299	345	0.188595	0.181937	651	196.833	144
1300	346	0.225825	0.198087	651.2	197.133	136
1301	346	0.187278	0.147894	651.467	197.133	114
1302	347	0.164686	0.11869	651.7	197.533	108
1303	348	0.150859	0.123074	651.933	197.967	117
1304	909	0.167736	0.126899	652.167	437.433	120
1305	909	0.152223	0.113004	652.4	437.433	100
1306	910	0.182379	0.121401	652.633	437.9	123
1307	910	0.176115	0.164808	652.867	437.9	160
1308	910	0.178105	0.165969	653.1	437.9	165
1309	911	0.152711	0.210117	653.667	438.333	213
1310	912	0.142514	0.169438	654.967	439.1	243
1311	913	0.158005	0.209484	656.267	439.867	272
1312	915	0.143815	0.166366	657.533	441.967	154
1313	354	0.16918	0.16741	658.833	206.733	196
1314	916	0.186579	0.18496	660.133	443.133	225
1315	917	0.185939	0.193256	661.1	444.433	218
1316	918	0.166744	0.198474	662.033	445.333	198
1317	919	0.149014	0.168907	663.067	446.2	183
1318	921	0.15546	0.190904	663.867	447.7	241
1319	359	0.159466	0.169913	664.633	213.533	199
1320	361	0.181506	0.187648	665.4	215.167	170
1321	924	0.165186	0.178178	666.1	449.567	159
1322	926	0.197599	0.176272	666.867	450.933	184
1323	926	0.168676	0.174863	667.733	450.933	186
1324	926	0.177181	0.162697	668.5	450.933	137
1325	929	0.154164	0.172311	669.233	453.133	171
1326	368	0.152731	0.190835	670.1	220.133	287
1327	369	0.139763	0.225844	671	220.967	306
1328	932	0.151828	0.204266	671.9	455.333	255
1329	933	0.135171	0.187431	672.767	456.033	207
1330	935	0.151651	0.209554	673.633	457.4	284
1331	936	0.159813	0.224913	674.567	458.267	321
1332	937	0.154716	0.227639	675.4	459.1	306
1333	938	0.161847	0.250068	676.3	460.033	328
1334	939	0.169609	0.213645	677.267	460.767	199
1335	940	0.152603	0.168159	678.3	461.5	204
1336	942	0.16243	0.173432	679.167	462.867	189
1337	943	0.131092	0.179558	680.033	463.6	240
1338	944	0.14175	0.17906	680.767	464.133	301
1339	945	0.137137	0.195544	681.333	464.633	241
1340	945	0.166952	0.188307	681.8	464.633	230
1341	946	0.169707	0.180441	682.167	465.1	243
1342	947	0.142608	0.152973	682.6	465.567	230
1343	386	0.134699	0.183786	683.1	233.833	253
1344	949	0.126907	0.178695	683.767	466.7	282
1345	950	0.126973	0.204004	684.567	467.467	355
1346	952	0.130281	0.156243	685.467	468.8	298
1347	953	0.133152	0.168816	686.167	469.533	324
1348	954	0.130948	0.151495	686.8	470.233	319
1349	955	0.125546	0.158121	687.433	470.867	371
1350	956	0.125682	0.166952	688.067	471.567	368
1351	956	0.162507	0.157002	688.633	471.567	307
1352	398	0.157672	0.177364	689.1	241.267	457
1353	958	0.150035	0.182696	689.633	472.833	404
1354	960	0.135402	0.161531	690.267	473.867	428
1355	960	0.154916	0.180056	690.8	473.867	434
1356	962	0.122651	0.17143	691.3	474.733	360
1357	963	0.143521	0.164923	691.767	475.2	348
1358	963	0.147635	0.143474	692.2	475.2	256
1359	964	0.134595	0.131206	692.567	475.633	233
1360	965	0.14989	0.139574	692.9	476.033	265
1361	966	0.146593	0.133042	693.267	476.467	271
1362	51	0.15586	0.151941	693.667	31.6667	309
1363	53	0.144145	0.175356	694.2	32.4333	462
1364	54	0.150303	0.147112	694.7	32.9	344
1365	55	0.155711	0.152027	695.233	33.4	373
1366	56	0.169796	0.161127	695.733	33.8333	361
1367	57	0.155666	0.148335	696.267	34.3	406
1368	58	0.137266	0.161841	696.833	34.7333	432
1369	59	0.129016	0.144496	697.467	35.2	418
1370	60	0.129288	0.170826	698.033	35.6	522
1371	61	0.140079	0.160491	698.567	35.9667	411
1372	62	0.144505	0.152137	699.067	36.3333	402
1373	64	0.133352	0.171414	699.533	36.9667	486
1374	65	0.153577	0.157881	699.9	37.3333	455
1375	66	0.149646	0.143036	700.267	37.6667	394
1376	67	0.157517	0.146069	700.567	37.9667	353
1377	67	0.181287	0.139086	700.867	37.9667	301
1378	68	0.173121	0.137	701.133	38.2667	352
1379	68	0.169188	0.129525	701.367	38.2667	277
1380	70	0.16071	0.134344	701.633	38.8333	303
1381	70	0.158019	0.130037	701.9	38.8333	277
1382	72	0.150508	0.119329	702.167	39.3333	281
1383	72	0.152342	0.113971	702.467	39.3333	210
1384	75	0.148337	0.118897	702.7	40.0333	170
1385	73	0.161222	0.115821	702.933	39.5667	189
1386	75	0.148153	0.113945	703.167	40.0333	178
1387	76	0.142565	0.110887	703.433	40.2667	222
1388	77	0.14891	0.112227	703.667	40.4667	165
1389	79	0.141975	0.107954	703.867	40.8667	203
1390	78	0.140624	0.11578	704.067	40.6667	157
1391	81	0.14648	0.122596	704.333	41.3333	233
1392	80	0.148488	0.131395	704.567	41.1	211
1393	82	0.131194	0.133596	704.867	41.5667	188
1394	83	0.139536	0.127045	705.2	41.8667	188
1395	84	0.133968	0.153933	705.6	42.1333	192
1396	85	0.164162	0.153075	706.067	42.3667	244
1397	86	0.170877	0.145137	706.533	42.7	231
1398	89	0.18084	0.153031	707.033	43.6333	269
1399	89	0.164792	0.142524	707.5	43.6333	298
1400	91	0.150895	0.148562	708	44.3667	351
1401	92	0.157539	0.166971	708.533	44.7	382
1402	93	0.152388	0.166414	709.033	45.0333	402
1403	94	0.153688	0.172266	709.433	45.4	434
1404	95	0.163	0.15409	709.8	45.7667	363
1405	96	0.147633	0.147287	710.133	46.0667	307
1406	96	0.158555	0.144681	710.467	46.0667	235
1407	97	0.172892	0.149103	710.767	46.3333	222
1408	100	0.14611	0.13972	711.1	47.1333	194
1409	99	0.163288	0.148463	711.433	46.8333	202
1410	102	0.177456	0.138365	711.8	47.7333	190
1411	102	0.181918	0.151258	712.133	47.7333	233
1412	105	0.173472	0.14165	712.533	48.3667	192
1413	106	0.166518	0.148685	712.867	48.5333	238
1414	108	0.174216	0.14972	713.2	48.8333	256
1415	108	0.158694	0.163264	713.533	48.8333	348
1416	109	0.170206	0.168394	713.867	49.1	405
1417	110	0.155817	0.150552	714.233	49.4	387
1418	111	0.15254	0.160889	714.567	49.6333	385
1419	112	0.151645	0.15641	714.9	49.9	402
1420	113	0.155501	0.164591	715.167	50.1333	388
1421	114	0.155643	0.169614	715.467	50.3667	365
1422	115	0.168074	0.170144	715.767	50.6333	407
1423	116	0.159031	0.177265	716.033	50.9	444
1424	117	0.148118	0.178175	716.333	51.1333	439
1425	118	0.14502	0.181359	716.633	51.4	502
1426	119	0.163451	0.160406	716.967	51.6667	465
1427	120	0.168934	0.176135	717.3	51.9333	474
1428	121	0.167639	0.17992	717.633	52.2	480
1429	122	0.179399	0.172226	717.967	52.5	433
1430	123	0.177572	0.18441	718.3	52.7667	460
1431	124	0.174111	0.164195	718.667	53.0333	371
1432	125	0.165063	0.173587	719.033	53.3667	407
1433	126	0.163909	0.151868	719.4	53.7	322
1434	127	0.149424	0.149277	719.833	54.0333	364
1435	128	0.170686	0.155102	720.233	54.3333	328
1436	129	0.161856	0.149315	720.633	54.6667	339
1437	130	0.161928	0.177221	720.967	55	383
1438	131	0.16859	0.166708	721.233	55.3333	354
1439	131	0.174997	0.149979	721.5	55.3333	229
1440	133	0.163483	0.149582	721.767	55.9	232
1441	133	0.169357	0.163509	722.033	55.9	293
1442	135	0.161952	0.158431	722.333	56.4333	288
1443	135	0.169315	0.159695	722.767	56.4333	271
1444	137	0.171072	0.160573	723.2	57.2667	235
1445	137	0.165572	0.169848	723.567	57.2667	311
1446	138	0.153336	0.169227	723.967	57.6667	339
1447	139	0.1564	0.180095	724.467	58.1333	455
1448	140	0.159622	0.206119	725.067	58.6667	508
1449	141	0.153325	0.177676	725.767	59.2	454
1450	142	0.146289	0.183021	726.367	59.7333	457
1451	143	0.140003	0.153789	726.933	60.1333	342
1452	144	0.152814	0.140641	727.467	60.6	344
1453	145	0.133585	0.155373	728.033	61.0333	339
1454	146	0.146966	0.155695	728.633	61.4667	305
1455	147	0.14214	0.13513	729.2	62	296
1456	148	0.129919	0.145919	729.867	62.5	266
1457	149	0.147068	0.128087	730.433	63	221
1458	149	0.143881	0.129037	730.967	63	174
1459	152	0.161501	0.121103	731.5	64.0667	276
1460	153	0.153058	0.123637	732	64.4	263
1461	154	0.139783	0.122885	732.6	64.7333	231
1462	155	0.140784	0.15125	733.033	65.1	318
1463	156	0.146082	0.166526	733.567	65.4333	368
1464	157	0.126807	0.129026	734.033	65.7667	234
1465	158	0.120307	0.1053	734.633	66.2667	194
1466	159	0.146048	0.0955172	735.133	66.8	144
1467	159	0.123608	0.0973778	735.6	66.8	169
1468	160	0.137411	0.102424	735.933	67.4333	147
1469	579	0.122161	0.0899907	736.433	291.067	135
1470	581	0.130027	0.0960161	736.9	291.6	107
1471	584	0.149426	0.0936157	737.167	292.5	72
1472	583	0.13117	0.102217	737.5	292.2	126
1473	584	0.135384	0.117836	737.833	292.5	141
1474	586	0.132818	0.109354	738.167	293	145
1475	586	0.116689	0.113765	738.533	293	183
1476	588	0.130088	0.149729	738.967	293.533	195
1477	589	0.141838	0.15368	739.333	293.867	215
1478	591	0.138387	0.140728	739.8	294.5	164
1479	592	0.188282	0.158402	740.267	294.867	200
1480	593	0.169525	0.151002	740.733	295.367	197
1481	593	0.15157	0.142743	741.233	295.367	171
1482	595	0.173161	0.142231	741.767	296.367	186
1483	596	0.153529	0.141658	742.367	296.867	213
1484	597	0.155681	0.163426	743	297.4	255
1485	599	0.139966	0.15938	743.8	298.567	231
1486	600	0.163584	0.16107	744.5	299.333	225
1487	601	0.15975	0.142993	745.167	300.033	233
1488	602	0.137268	0.137703	745.9	300.6	222
1489	603	0.147831	0.136582	746.667	301.133	247
1490	605	0.139669	0.133206	747.5	302.1	295
1491	606	0.138789	0.1663	748.267	302.633	308
1492	608	0.144633	0.145797	749.067	303.833	302
1493	609	0.146135	0.145997	750	304.367	212
1494	611	0.135689	0.121214	750.867	305.433	244
1495	612	0.140169	0.126802	751.6	306.033	193
1496	614	0.132677	0.150146	752.2	307.133	235
1497	615	0.136828	0.17218	752.733	307.633	185
1498	616	0.153063	0.13017	753.267	308.133	183
1499	618	0.124036	0.137798	753.833	309.2	229
1500	619	0.111879	0.166122	754.333	309.667	230
1501	620	0.107172	0.132582	754.767	310.167	188
1502	621	0.124507	0.112912	755.067	310.567	160
1503	622	0.128124	0.120526	755.4	311.033	136
1504	623	0.138613	0.116043	755.733	311.4	155
1505	625	0.122262	0.122435	756.067	312.133	163
1506	626	0.146723	0.109843	756.367	312.5	133
1507	627	0.11715	0.121314	756.667	312.867	122
1508	628	0.141911	0.112689	756.967	313.2	130
1509	629	0.168974	0.0894943	757.2	313.567	91
1510	630	0.158456	0.0880972	757.533	313.967	113
1511	632	0.104494	0.091459	757.967	314.633	84
1512	632	0.135886	0.0760807	758.3	314.633	53
1513	633	0.105995	0.066891	758.633	314.933	63
1514	635	0.11293	0.085095	758.933	315.633	91
1515	636	0.122848	0.079495	759.233	316.033	90
1516	636	0.121532	0.0999072	759.633	316.033	87
1517	637	0.13759	0.100053	760.033	316.467	82
1518	639	0.114984	0.111479	760.567	317.567	92
1519	640	0.123623	0.126494	761.2	318.133	110
1520	641	0.114351	0.132704	761.8	318.7	142
1521	641	0.111179	0.0899668	762.333	318.7	71
1522	643	0.115672	0.091672	762.633	319.6	75
1523	644	0.145128	0.0536787	763.133	319.933	47
1524	198	0.172471	0.0589033	763.567	96.8333	16
1525	192	0.147154	0.0609921	763.867	92.4667	26
1526	194	0.140991	0.0590215	764.4	94	47
1527	194	0.108043	0.101934	765.533	94	102
1528	195	0.117282	0.0899357	766.533	94.7	97
1529	1126	0.110669	0.0990559	767.4	550.833	115
1530	1125	0.130073	0.0933729	768.3	550.067	63
1531	1128	0.131668	0.107761	769.133	552.4	163
1532	1129	0.130513	0.120195	769.833	553.133	169
1533	1130	0.135243	0.133912	770.5	553.667	243
1534	1130	0.149418	0.14686	771.133	553.667	263
1535	1131	0.144387	0.151906	771.7	554.2	363
1536	1132	0.13402	0.166987	772.1	554.767	364
1537	1133	0.15303	0.16517	772.567	555.3	347
1538	1134	0.160121	0.143138	773	555.8	303
1539	1135	0.133458	0.140842	773.433	556.233	293
1540	208	0.153191	0.141885	773.767	100.667	188
1541	209	0.130447	0.126614	774.167	101.033	197
1542	1138	0.133857	0.136416	774.567	557.433	202
1543	1139	0.13771	0.127089	774.967	557.8	208
1544	1140	0.140593	0.124068	775.333	558.133	232
1545	1141	0.153201	0.130812	775.7	558.533	210
1546	1142	0.147469	0.142031	776.033	558.867	235
1547	1143	0.160932	0.138743	776.4	559.2	274
1548	1144	0.156907	0.146857	776.767	559.6	292
1549	1145	0.150906	0.145265	777.167	560	353
1550	1146	0.145123	0.143292	777.533	560.367	323
1551	1148	0.152818	0.154213	777.933	561	384
1552	1149	0.151908	0.17527	778.333	561.367	482
1553	1149	0.15684	0.17324	778.7	561.367	456
1554	1151	0.156784	0.171593	779.1	562.2	385
1555	1151	0.150457	0.164579	779.467	562.2	397
1556	1152	0.166696	0.143207	779.8	562.567	360
1557	224	0.153732	0.14614	780.233	106.267	367
1558	1155	0.16066	0.154594	780.667	563.8	314
1559	1156	0.149539	0.143914	781.067	564.167	290
1560	227	0.15788	0.161858	781.467	107.333	314
1561	1158	0.170282	0.160376	781.833	564.833	272
1562	229	0.165672	0.145461	782.2	107.967	309
1563	230	0.167692	0.141936	782.533	108.233	274
1564	1161	0.169408	0.145805	782.867	565.833	257
1565	1162	0.137149	0.143199	783.2	566.167	237
1566	233	0.144735	0.140728	783.533	109.033	181
1567	1164	0.143662	0.139013	783.833	566.733	234
1568	1165	0.162102	0.1471	784.133	567.033	305
1569	1167	0.159141	0.144466	784.4	567.667	318
1570	1168	0.161706	0.151621	784.767	567.967	350
1571	1169	0.14113	0.167105	785.067	568.3	404
1572	1170	0.156857	0.166851	785.367	568.633	377
1573	1171	0.15505	0.178536	785.667	568.967	460
1574	1172	0.136206	0.198175	786	569.3	515
1575	1173	0.13655	0.191194	786.333	569.633	524
1576	1174	0.141355	0.201905	786.667	570	538
1577	1175	0.154856	0.211411	787.233	570.667	504
1578	1176	0.157883	0.217528	787.933	571.433	510
1579	248	0.169566	0.216536	788.833	115.767	415
1580	1178	0.17361	0.20162	789.733	573.467	412
1581	1179	0.163271	0.247733	790.7	574.467	505
1582	1180	0.180767	0.25563	791.5	575.467	492
1583	1181	0.196073	0.262587	792.233	576.467	414
1584	1182	0.226376	0.245529	793	577.4	388
1585	1183	0.207986	0.238919	793.767	578.267	439
1586	1184	0.204607	0.227165	794.4	579	348
1587	1185	0.198795	0.216173	795.067	579.633	367
1588	1186	0.211937	0.220731	795.633	580.233	416
1589	1187	0.19552	0.234947	796.2	580.767	448
1590	1188	0.198332	0.242371	796.7	581.233	480
1591	1189	0.204485	0.222745	797.1	581.633	506
1592	1190	0.187399	0.233014	797.5	582.067	471
1593	1190	0.191653	0.224183	797.867	582.067	368
1594	1192	0.214873	0.216061	798.2	582.767	442
1595	1193	0.205064	0.225675	798.5	583.067	456
1596	1194	0.216321	0.23589	798.8	583.367	468
1597	1195	0.227003	0.246026	799.067	583.667	502
1598	1196	0.238229	0.266165	799.367	583.933	465
1599	1197	0.239248	0.266326	799.667	584.2	534
1600	799	0.247219	0.265304	799.967	363.5	523
1601	1199	0.265461	0.265264	800.2	584.867	448
1602	800	0.253439	0.266555	800.467	363.867	453
1603	802	0.259801	0.293311	800.8	364.567	450
1604	273	0.284583	0.304792	801.1	128.567	319
1605	1203	0.305587	0.34188	801.433	586.167	415
1606	805	0.31397	0.339235	801.733	365.833	473
1607	806	0.306168	0.363722	802.067	366.3	523
1608	807	0.312692	0.390287	802.4	366.767	474
1609	1207	0.345555	0.406861	802.7	587.567	633
1610	1208	0.369053	0.459848	802.967	587.933	624
1611	1209	0.352605	0.437688	803.233	588.2	648
1612	1210	0.331201	0.399987	803.5	588.467	518
1613	1211	0.316968	0.357917	803.733	588.733	453
1614	1212	0.309534	0.344492	803.967	589.067	390
1615	1214	0.310425	0.348032	804.2	589.667	354
1616	1214	0.270944	0.304793	804.4	589.667	293
1617	1215	0.222933	0.241862	804.633	590	213
1618	286	0.218061	0.216675	804.833	133.067	309
1619	287	0.133856	0.158712	805.067	133.367	236
1620	819	0.151698	0.157534	805.267	371.233	227
1621	820	0.120619	0.156698	805.467	371.5	227
1622	821	0.134905	0.165249	805.667	371.767	214
1623	822	0.120229	0.159702	805.867	372.1	214
1624	823	0.115786	0.176004	806.1	372.4	210
1625	1224	0.100181	0.201786	806.567	592.867	301
1626	294	0.0913866	0.168433	807.733	136.3	339
1627	826	0.141725	0.208793	808.667	374.5	353
1628	1227	0.152241	0.242613	809.7	597.967	256
1629	828	0.176661	0.237319	811.467	378.4	257
1630	829	0.137708	0.285082	813.467	380.333	334
1631	299	0.138216	0.341883	814.933	148.267	360
1632	1230	0.122062	0.223584	816.9	604.733	266
1633	1231	0.142805	0.186637	818.2	606	249
1634	1232	0.14131	0.193183	819.5	607.8	270
1635	1233	0.139279	0.222019	820.767	609.833	346
1636	1234	0.157994	0.177634	822.067	611.2	240
1637	1236	0.147068	0.169615	823.367	613.267	195
1638	307	0.139337	0.144689	824.733	161.167	167
1639	307	0.119417	0.133214	826	161.167	137
1640	309	0.161437	0.126949	826.767	163.367	109
1641	310	0.117162	0.128497	827.733	164.467	116
1642	310	0.156937	0.132234	828.533	164.467	113
1643	312	0.152081	0.159399	829.333	166.767	106
1644	312	0.209429	0.188928	830.167	166.767	148
1645	314	0.24418	0.14551	830.767	168.9	98
1646	314	0.173979	0.204756	831.667	168.9	118
1647	315	0.243088	0.229421	832.367	169.7	88
1648	316	0.119964	0.158853	833.533	171.133	86
1649	316	0.196566	0.134542	834.3	171.133	97
1650	317	0.148828	0.124705	836.033	172.733	105
1651	318	0.198741	0.125141	837.133	174.467	107
1652	319	0.114241	0.129268	838.867	176.233	133
1653	320	0.180292	0.145304	840.133	177	120
1654	321	0.165656	0.156959	841.367	179.267	210
1655	1276	0.173184	0.177739	842.333	636.567	176
1656	1277	0.140909	0.196579	843.733	637.733	219
1657	1278	0.176477	0.220448	844.733	638.467	267
1658	1279	0.152184	0.199466	845.733	639.7	203
1659	327	0.148473	0.22742	846.6	185.1	289
1660	328	0.16089	0.253242	847.4	185.867	330
1661	329	0.176212	0.242728	848.1	186.833	255
1662	330	0.158584	0.247464	849.033	187.667	414
1663	331	0.181569	0.216169	849.7	188.567	370
1664	332	0.154363	0.2573	850.5	189.3	479
1665	333	0.17162	0.269089	851.167	189.933	513
1666	334	0.189373	0.273737	851.733	190.6	461
1667	335	0.190438	0.233265	852.333	191.2	430
1668	336	0.20536	0.233364	852.833	191.767	350
1669	337	0.19894	0.223367	853.4	192.4	288
1670	338	0.207886	0.236273	853.867	193.067	300
1671	339	0.193652	0.239866	854.333	193.733	320
1672	339	0.212769	0.237478	854.7	193.733	283
1673	340	0.21224	0.238798	855.1	194.433	288
1674	342	0.193915	0.219585	855.433	195.467	249
1675	342	0.195497	0.234478	855.8	195.467	301
1676	343	0.183799	0.201282	856.1	195.967	225
1677	344	0.206669	0.259908	856.367	196.4	267
1678	345	0.193928	0.225285	856.567	196.833	284
1679	346	0.162333	0.211743	856.767	197.133	193
1680	347	0.156289	0.190973	856.967	197.533	209
1681	348	0.163804	0.153927	857.167	197.967	191
1682	1304	0.159036	0.164812	857.4	652.167	169
1683	1306	0.151216	0.147907	857.6	652.633	152
1684	1307	0.166	0.15604	857.733	652.867	162
1685	910	0.147763	0.149723	857.9	437.9	152
1686	1309	0.147044	0.180585	858.167	653.667	175
1687	1309	0.160249	0.169274	858.533	653.667	179
1688	1310	0.128052	0.195392	859.6	654.967	237
1689	1312	0.161505	0.203455	861.233	657.533	259
1690	916	0.165367	0.23805	862.9	443.133	333
1691	917	0.183905	0.265954	864	444.433	356
1692	918	0.149735	0.219794	864.8	445.333	295
1693	1317	0.152088	0.19071	865.567	663.067	272
1694	1318	0.164161	0.188181	866.267	663.867	303
1695	1319	0.158711	0.180564	866.933	664.633	297
1696	1320	0.159866	0.173711	867.567	665.4	241
1697	1321	0.163218	0.184531	868.3	666.1	272
1698	1322	0.168423	0.180878	869.067	666.867	279
1699	1323	0.168354	0.163974	869.767	667.733	244
1700	1324	0.148505	0.1807	870.6	668.5	263
1701	1325	0.172641	0.17099	871.4	669.233	262
1702	1326	0.160929	0.167145	872.2	670.1	277
1703	931	0.159403	0.17055	872.9	454.533	259
1704	1328	0.134551	0.173552	873.7	671.9	279
1705	933	0.163661	0.158371	874.4	456.033	232
1706	934	0.175465	0.167221	875.033	456.7	218
1707	1330	0.142317	0.182404	875.7	673.633	205
1708	1331	0.154522	0.164918	876.5	674.567	230
1709	1332	0.154115	0.155122	877.333	675.4	195
1710	1334	0.153759	0.158819	878.167	677.267	150
1711	1334	0.177297	0.170738	879	677.267	157
1712	1335	0.199151	0.15416	880.133	678.3	95
1713	377	0.206538	0.121979	881.3	227.733	47
1714	942	0.219242	0.114766	885.4	464.133	29
1715	1334	0.228789	0.107089	886.233	677.267	46
