0.226511
0.266442
0.275768
0.22773
0.235368
0.193551
0.27034
0.259496
0.244949
0.249298
0.163467
0.262453
0.198043
0.226915
0.20915
0.237228
0.210252
0.270179
0.253118
0.239629
0.301466
0.269032
0.243177
0.262795
0.25746
0.288404
0.217955
0.364796
0.214854
0.285301
0.289953
0.266566
0.267373
0.238527
0.23065
0.274606
0.233623
0.179236
0.207616
0.225986
0.280198
0.221887
0.254969
0.289651
0.279998
0.235608
0.289651
0.227772
0.290991
0.200718
0.337691
0.266137
0.273844
0.301957
0.277893
0.244126
0.245879
0.261393
0.300479
0.153873
0.342553
0.278355
0.179353
0.224816
0.192955
