21	0	0.140225	0.0278118	10.0333	0.7	7
22	1	0.14701	0.0409747	10.3333	2.23333	7
23	2	0.138555	0.0460132	10.6333	3.2	7
24	1	0.152995	0.0368847	10.8667	2.23333	7
25	1	0.172097	0.0398981	11.0667	2.23333	7
26	1	0.140861	0.0361195	11.3333	2.23333	7
27	2	0.146597	0.0383881	11.5333	3.2	7
28	1	0.181588	0.0368592	11.7333	2.23333	0
29	5	0.162255	0.0413881	12.0667	5.06667	0
30	9	0.164303	0.051544	12.4	7.63333	7
31	8	0.181285	0.0411513	12.7333	6.66667	0
32	10	0.153316	0.0465803	13.0667	7.33333	0
33	7	0.162907	0.0450371	13.4	6.16667	7
34	12	0.151183	0.0469338	13.7	7.9	0
35	12	0.17446	0.0489165	13.9667	8.26667	0
36	12	0.17437	0.0438261	14.2333	8.26667	7
37	14	0.167258	0.0447596	14.5333	8.76667	0
38	12	0.158156	0.0537866	14.8667	8.26667	0
39	14	0.16771	0.0426017	15.1667	8.76667	0
40	19	0.165298	0.0460385	15.4667	9.53333	0
41	9	0.141102	0.0505636	15.8333	7.63333	0
42	20	0.173882	0.0420947	16.1333	10.3333	0
43	11	0.195148	0.0447892	16.3667	8.06667	0
44	22	0.178147	0.0468327	16.6333	10.3333	0
45	19	0.173327	0.0421029	16.9	10.0333	0
46	22	0.181218	0.0431754	17.2	10.3333	0
47	21	0.137114	0.0473308	17.5333	10.6333	0
48	21	0.148335	0.0305399	17.9333	10.6333	0
49	25	0.113535	0.0348216	18.4333	11.5333	0
50	27	0.104156	0.0337467	18.9333	11.5333	0
51	25	0.135063	0.036948	19.3	11.5333	0
52	12	0.12879	0.0353244	19.6667	8.26667	0
53	25	0.127993	0.0399043	20.1	11.5333	0
54	22	0.126372	0.0348859	20.5667	10.3333	0
55	23	0.122804	0.0351096	21	11.0667	0
56	35	0.13305	0.0394575	21.5333	13.9667	0
57	20	0.144036	0.0376497	22.2	9.8	0
58	16	0.149351	0.0399241	22.7333	9.3	0
59	9	0.133434	0.0417029	23.2	7.63333	0
60	36	0.143626	0.0383722	23.7333	14.8667	0
61	18	0.156588	0.0379113	24.2	9.8	0
62	36	0.150963	0.0384431	24.6667	14.2333	0
63	9	0.158847	0.041084	25.1667	7.63333	0
64	36	0.164126	0.0391249	25.6333	14.8667	0
65	23	0.157552	0.0388483	26.0667	11.0667	0
66	40	0.144279	0.0378133	26.5333	16.1333	0
67	19	0.135834	0.0409635	27.0333	10.0333	0
68	45	0.154091	0.0368613	27.5333	16.9	0
69	11	0.136994	0.0383909	28	7.63333	0
70	27	0.141222	0.0405896	28.4667	11.5333	0
71	18	0.145673	0.0433479	28.9667	9.8	0
72	46	0.14778	0.0399738	29.4333	17.9333	0
73	41	0.155697	0.0410342	29.8667	15.8333	0
74	36	0.145568	0.0459096	30.2667	14.2333	0
75	32	0.134774	0.0476979	30.6667	13.7	0
76	42	0.14204	0.0449593	31.0333	16.6333	0
77	18	0.15625	0.0416985	31.4333	9.8	0
78	26	0.144952	0.0434574	31.8667	11.7333	0
79	36	0.163297	0.0401922	32.2667	14.8667	0
80	57	0.144509	0.0376382	32.6667	22.2	0
81	43	0.130843	0.0366681	33.0667	16.9	0
82	61	0.152423	0.0408743	33.4333	25.1667	0
83	15	0.158758	0.0381931	33.8667	9.03333	0
84	63	0.155647	0.0434268	34.2333	26.0667	0
85	64	0.145401	0.04246	34.6	25.6333	0
86	64	0.141079	0.0461709	34.9667	25.6333	0
87	61	0.15274	0.0482272	35.3	24.2	0
88	62	0.166409	0.0545259	35.6333	24.6667	0
89	63	0.140968	0.0528554	36.0667	25.1667	7
90	66	0.171786	0.0547574	36.4667	26.5333	7
91	63	0.168044	0.0530202	36.9667	25.1667	0
92	67	0.145069	0.042849	37.3667	27.0333	0
93	72	0.156006	0.0460375	37.7333	29.4333	0
94	69	0.143876	0.05339	38.1	28	7
95	70	0.174551	0.0542924	38.4667	28.4667	7
96	74	0.168889	0.0479451	38.8333	30.2667	7
97	68	0.165052	0.0519473	39.2	27.5333	0
98	72	0.160584	0.052126	39.5	29.4333	0
99	42	0.151785	0.0507723	39.8333	16.6333	0
100	79	0.15895	0.0420493	40.1667	32.2667	0
101	70	0.144532	0.0462608	40.5	28.4667	0
102	69	0.171103	0.0474497	40.7667	28	7
103	71	0.162944	0.0463229	41.0667	29.8667	0
104	83	0.171283	0.0552918	41.4	33.8667	0
105	76	0.170282	0.0512386	41.7	31.0333	0
106	69	0.188935	0.0490054	41.9667	28.9667	0
107	71	0.166242	0.0443816	42.2333	28.9667	0
108	79	0.154667	0.0424717	42.5333	33.0667	7
109	31	0.168796	0.043785	42.8	12.7333	0
110	63	0.171662	0.0404712	43.0667	25.1667	0
111	74	0.162968	0.0420703	43.3333	31.0333	0
112	78	0.172111	0.0397253	43.6333	32.6667	0
113	36	0.167362	0.0442435	43.8667	14.8667	0
114	76	0.135509	0.0446481	44.1	31.8667	0
115	34	0.158651	0.0528292	44.3	14.2333	0
116	52	0.156902	0.0412899	44.5	20.5667	0
117	34	0.147772	0.0381327	44.7	14.2333	0
118	28	0.159398	0.0434006	44.9333	11.7333	0
119	30	0.150903	0.0437424	45.2	13.0667	0
120	32	0.184046	0.041348	45.3667	13.7	0
121	32	0.151718	0.0442213	45.6	13.7	0
122	34	0.175512	0.0395492	45.8333	13.7	0
123	45	0.145896	0.0401225	46.1333	16.9	0
124	75	0.143707	0.0348022	46.3667	30.6667	0
125	66	0.131667	0.0333823	46.6	27.5333	0
126	21	0.153008	0.0357196	46.8667	10.0333	0
127	9	0.145843	0.0443092	47.1667	7.03333	0
128	31	0.128172	0.0389044	47.6	13.4	0
129	90	0.132851	0.0373349	47.9667	37.3667	0
130	42	0.138159	0.0378113	48.3	16.6333	0
131	36	0.144638	0.0386815	48.6667	14.8667	0
132	91	0.166068	0.0388867	48.9333	37.7333	0
133	23	0.138717	0.0393253	49.2333	11.0667	0
134	75	0.144948	0.0409674	49.5333	30.6667	0
135	29	0.157107	0.0429046	49.8667	12.7333	0
136	52	0.158682	0.0446079	50.1667	20.5667	0
137	100	0.132088	0.0441845	50.4667	40.1667	0
138	117	0.150406	0.0434475	50.7667	45.2	0
139	51	0.163831	0.0409204	51	20.1	0
140	88	0.144437	0.0418151	51.2667	36.4667	0
141	44	0.163524	0.0390703	51.5	16.6333	0
142	70	0.194202	0.0465629	51.7333	29.4333	0
143	93	0.139641	0.0422283	51.9667	38.4667	0
144	113	0.151135	0.0436529	52.2333	43.8667	0
145	122	0.139147	0.0493671	52.5	46.3667	0
146	123	0.169109	0.0447484	52.7667	46.6	0
147	123	0.143502	0.0431974	53.0667	46.6	0
148	123	0.182605	0.0437524	53.3333	46.1333	0
149	119	0.171936	0.0396275	53.5667	45.6	0
150	106	0.150095	0.0421395	53.8333	42.5333	0
151	49	0.156388	0.0444473	54.2	19.3	0
152	106	0.15869	0.0381622	54.5	42.5333	0
153	36	0.143284	0.0425946	54.8	14.8667	0
154	46	0.163682	0.0390327	55.1	17.9333	0
155	32	0.127307	0.0392001	55.4333	13.7	0
156	134	0.150302	0.0405775	55.8	49.5333	0
157	52	0.125178	0.0413808	56.1667	19.6667	0
158	51	0.156551	0.039053	56.5	19.3	0
159	70	0.143565	0.040271	56.8333	29.4333	0
160	49	0.138167	0.0398155	57.2	19.3	0
161	65	0.109974	0.0418276	57.6	26.0667	0
162	61	0.144318	0.0431718	57.9	25.1667	0
163	87	0.147863	0.0431551	58.2	35.3	0
164	63	0.141398	0.0438728	58.6	26.0667	0
165	63	0.128263	0.0509986	59.0333	25.1667	0
166	78	0.151493	0.0482024	59.4667	31.8667	0
167	82	0.150235	0.0497558	59.8333	33.4333	0
168	82	0.166062	0.0472932	60.2	33.4333	0
169	77	0.154287	0.045241	60.5667	31.4333	0
170	65	0.147688	0.0439097	61.0333	26.0667	0
171	79	0.141577	0.0473876	61.4333	32.2667	0
172	80	0.151106	0.0517025	61.8333	32.6667	0
173	78	0.16037	0.0445521	62.1667	31.8667	0
174	70	0.153287	0.0494986	62.5	28.4667	0
175	78	0.143426	0.0463107	62.8667	31.8667	7
176	86	0.135272	0.0516004	63.2667	34.9667	0
177	82	0.136305	0.05066	63.7667	34.2333	7
178	74	0.154261	0.0491202	64.1333	31.0333	0
179	82	0.142987	0.0435077	64.5333	33.4333	7
180	64	0.152878	0.0520524	64.9	25.6333	0
181	76	0.15355	0.0487766	65.3333	31.8667	0
182	65	0.165132	0.0463189	65.7667	26.0667	0
183	60	0.157213	0.0490748	66.2	24.6667	0
184	163	0.142519	0.0451111	66.6333	58.2	7
185	164	0.138615	0.0520939	67.0333	58.6	18
186	164	0.156687	0.0691322	67.3333	58.6	14
187	166	0.160037	0.0553547	67.7	59.4667	7
188	165	0.14198	0.0537497	68.0667	59.0333	7
189	163	0.166127	0.0570267	68.5	58.2	23
190	166	0.160718	0.0597604	68.9333	59.4667	16
191	165	0.174775	0.0729072	69.4	59.0333	33
192	165	0.164877	0.0665764	69.8	59.0333	21
193	166	0.152054	0.0570766	70.1667	59.4667	24
194	166	0.171932	0.0485897	70.5667	59.4667	15
195	173	0.162192	0.0439232	71.0667	62.8667	7
196	83	0.170372	0.0440919	71.6	34.6	0
197	171	0.157992	0.0484396	72.1333	61.4333	7
198	168	0.142871	0.0494343	72.6	61.0333	7
199	170	0.171162	0.0457262	73.0667	61.0333	14
200	172	0.177187	0.0456134	73.5333	61.8333	7
201	164	0.166698	0.0459116	74	58.6	17
202	181	0.170469	0.0457623	74.4333	66.2	7
203	182	0.176783	0.0384395	74.7333	66.6333	11
204	183	0.166179	0.0389077	75.2333	66.2	7
205	165	0.20815	0.039339	75.7	59.8333	0
206	113	0.18383	0.0355249	76.2667	44.3	0
207	186	0.195356	0.0379416	76.6667	68.0667	7
208	180	0.209454	0.0354509	77.1	65.7667	0
209	15	0.170376	0.0367579	77.6	9.03333	0
210	11	0.183869	0.0462068	78.2	8.06667	7
211	11	0.163729	0.0469805	78.8333	8.06667	7
212	9	0.181092	0.0446744	79.2	7.63333	7
213	11	0.179043	0.0495143	79.4667	8.06667	7
214	9	0.140468	0.0518186	79.7333	7.63333	16
215	9	0.149879	0.049888	80.0333	7.63333	20
216	5	0.123138	0.0482395	80.5333	5.06667	21
217	7	0.154393	0.0655765	80.9667	6.16667	32
218	7	0.138959	0.0652051	81.5333	6.16667	45
219	6	0.147407	0.0738894	82.1	5.53333	27
220	10	0.141669	0.0770195	82.5667	7.33333	44
221	9	0.13493	0.0892121	83.0333	7.63333	85
222	11	0.112979	0.086555	83.7333	8.06667	84
223	9	0.13244	0.0858608	84.4	7.03333	44
224	9	0.143501	0.087921	84.9333	7.03333	40
225	10	0.132709	0.0840872	85.4333	7.9	25
226	16	0.14452	0.0714146	85.8333	9.3	16
227	18	0.125333	0.0642011	86.1667	9.8	25
228	18	0.132272	0.0801885	86.5	9.8	33
229	18	0.143591	0.0797268	86.8	9.8	40
230	21	0.154325	0.0716457	87.1667	10.6333	24
231	18	0.130955	0.0594372	87.4667	9.8	24
232	23	0.131235	0.0629882	87.7333	11.0667	30
233	24	0.152679	0.0572145	87.9667	11.3333	26
234	24	0.161529	0.0629178	88.2333	11.3333	33
235	26	0.176768	0.0585169	88.4333	11.7333	31
236	25	0.15854	0.0595761	88.6333	11.5333	43
237	29	0.159347	0.061818	88.8667	12.7333	24
238	32	0.146806	0.0650838	89.1	13.7	7
239	32	0.158898	0.0842864	89.3667	13.7	7
240	33	0.168287	0.0718559	89.6333	13.9667	7
241	32	0.182433	0.0842958	89.9	13.7	19
242	32	0.184764	0.0866731	90.3	13.7	23
243	35	0.179871	0.0902367	90.7667	14.5333	7
244	33	0.188621	0.0819124	91.0667	13.9667	19
245	32	0.166321	0.0950831	91.3333	13.7	26
246	40	0.17857	0.0872267	91.6333	16.1333	7
247	32	0.182139	0.086153	91.9333	13.7	19
248	38	0.17719	0.0889415	92.2333	15.4667	21
249	38	0.176968	0.0929813	92.5333	15.4667	19
250	38	0.186703	0.0806898	92.8	15.4667	21
251	38	0.198237	0.0865828	93.0333	15.4667	25
252	38	0.176018	0.0857149	93.3	15.4667	22
253	38	0.201593	0.0811407	93.5	15.4667	27
254	42	0.215428	0.0832385	93.7333	16.6333	8
255	40	0.19818	0.0887979	93.9667	16.1333	24
256	38	0.202007	0.0739377	94.1667	15.4667	8
257	35	0.207492	0.0805645	94.3333	14.5333	0
258	35	0.203415	0.0806652	94.5	14.5333	7
259	40	0.194175	0.0775126	94.7	16.1333	18
260	40	0.180076	0.0692491	94.9	16.1333	7
261	44	0.163444	0.0712653	95.1	17.2	8
262	37	0.183677	0.0723258	95.2667	15.1667	7
263	40	0.184644	0.078412	95.4333	16.1333	7
264	40	0.169449	0.0712077	95.6333	16.1333	7
265	44	0.199914	0.0767519	95.8333	17.2	7
266	45	0.179436	0.0645865	96.0333	17.5333	7
267	242	0.151856	0.0638242	96.2	91.0667	0
268	243	0.181698	0.0709615	96.4	90.7667	0
269	247	0.19571	0.0675274	96.5333	91.9333	0
270	243	0.164611	0.0601594	96.6667	90.7667	0
271	250	0.141409	0.0503511	96.8333	92.8	0
272	240	0.14596	0.0442027	97	89.6333	0
273	243	0.19978	0.0341856	97.2	90.7667	0
274	240	0.156878	0.040593	97.4	90.3	0
275	253	0.149077	0.0415437	97.6	93.9667	0
276	253	0.146708	0.0355853	97.7667	93.9667	0
277	239	0.163723	0.0391532	98	89.9	0
278	224	0.13847	0.0311243	98.1667	85.8333	0
279	104	0.130062	0.0290008	98.2667	41.9667	0
280	233	0.120692	0.0290402	98.3667	88.4333	0
281	159	0.119634	0.0245459	98.4333	56.8333	0
282	56	0.105203	0.0247633	98.5333	21.5333	0
283	25	0.143247	0.0288901	98.6333	11.5333	0
284	248	0.109102	0.0286171	98.7333	92.8	0
285	39	0.0872598	0.0332813	98.9333	15.8333	0
286	105	0.113214	0.0397167	99.0667	42.2333	0
287	253	0.12304	0.0398727	99.2	93.9667	0
288	263	0.123343	0.0400709	99.3333	95.4333	0
289	252	0.114872	0.0430136	99.5333	93.3	0
290	254	0.136718	0.0499505	99.7	93.7333	0
291	248	0.166709	0.0544257	99.8667	92.2333	0
292	267	0.169906	0.0584396	99.9667	96.2	0
293	35	0.158637	0.0549502	100.1	14.5333	0
294	255	0.156492	0.0554108	100.267	93.9667	0
295	268	0.169907	0.0629133	100.4	96.4	0
296	264	0.161516	0.0575781	100.533	96.0333	0
297	31	0.179087	0.0578591	100.667	13.4	0
298	245	0.198898	0.051165	100.8	91.9333	0
299	261	0.156697	0.0593964	100.967	95.1	0
300	104	0.183065	0.055886	101.133	41.4	0
301	255	0.171933	0.0537026	101.333	93.9667	0
302	256	0.15847	0.053474	101.467	94.1667	0
303	45	0.164455	0.0492159	101.633	17.5333	0
304	41	0.156908	0.0529308	101.8	16.3667	0
305	248	0.151436	0.0609613	102	92.2333	0
306	42	0.151535	0.047759	102.167	16.6333	0
307	259	0.171852	0.0536123	102.333	94.7	0
308	265	0.147227	0.0471337	102.5	96.2	0
309	267	0.153221	0.0471681	102.7	96.5333	0
310	43	0.158245	0.0606113	102.867	16.9	0
311	39	0.165033	0.0580883	103.033	15.8333	0
312	44	0.164953	0.0586304	103.2	17.2	0
313	259	0.139158	0.0527839	103.4	94.7	0
314	273	0.147365	0.0456306	103.567	97.6	0
315	43	0.159818	0.0457424	103.733	16.3667	0
316	295	0.131557	0.0431715	103.867	100.4	0
317	40	0.10364	0.0425126	104.033	16.1333	0
318	106	0.115556	0.0451191	104.233	42.5333	0
319	78	0.14771	0.0433325	104.367	32.6667	0
320	97	0.103646	0.0424566	104.533	39.2	0
321	258	0.11746	0.0427451	104.7	94.9	0
322	294	0.165917	0.0449099	104.833	100.267	0
323	66	0.146872	0.0464439	105	27.5333	0
324	82	0.143009	0.0535352	105.167	34.2333	0
325	66	0.139292	0.0482163	105.367	27.5333	0
326	66	0.137992	0.0546025	105.567	27.5333	7
327	36	0.142326	0.0485543	105.733	14.2333	0
328	62	0.135405	0.0518553	105.933	25.6333	0
329	91	0.134341	0.0457351	106.167	37.7333	0
330	67	0.13391	0.0417176	106.4	28	7
331	68	0.132276	0.0472333	106.633	28.4667	7
332	71	0.141081	0.0466444	106.867	29.8667	0
333	70	0.143482	0.0489736	107.067	29.4333	15
334	72	0.158598	0.0514686	107.233	30.2667	7
335	73	0.142617	0.0502667	107.433	30.6667	8
336	72	0.14811	0.0496747	107.6	30.2667	7
337	72	0.13678	0.0565177	107.767	30.2667	7
338	75	0.152784	0.0477774	107.933	31.4333	0
339	70	0.152538	0.0514182	108.1	29.4333	7
340	83	0.140886	0.0469526	108.3	34.6	0
341	75	0.159189	0.0540296	108.5	31.4333	7
342	73	0.156689	0.052277	108.667	30.6667	17
343	70	0.16584	0.0561526	108.833	29.4333	7
344	73	0.165012	0.0543719	108.967	30.6667	21
345	74	0.154193	0.0590516	109.167	31.0333	27
346	76	0.139388	0.0507276	109.367	31.0333	15
347	75	0.162184	0.0595137	109.567	31.4333	18
348	70	0.141178	0.0512969	109.767	29.4333	0
349	77	0.145006	0.0585884	109.967	32.2667	7
350	81	0.142415	0.0495741	110.167	33.8667	0
351	77	0.139507	0.0528626	110.367	32.2667	23
352	77	0.152533	0.0490916	110.567	32.2667	18
353	76	0.15129	0.0543687	110.767	31.8667	7
354	82	0.130276	0.0525525	110.967	34.2333	7
355	73	0.156484	0.0531848	111.133	30.6667	0
356	82	0.152588	0.0510877	111.3	34.2333	8
357	82	0.146622	0.0540617	111.467	34.2333	19
358	83	0.149942	0.0541206	111.633	34.6	18
359	81	0.145137	0.0538302	111.8	33.8667	31
360	82	0.137575	0.0685629	112	34.2333	29
361	82	0.154315	0.0628638	112.233	34.2333	23
362	83	0.134661	0.056102	112.433	34.6	32
363	83	0.133821	0.0607804	112.633	34.6	34
364	84	0.122475	0.069128	112.833	34.9667	38
365	85	0.144719	0.0573655	113.033	35.3	39
366	88	0.138434	0.0578704	113.233	36.4667	28
367	89	0.141291	0.0700328	113.467	36.9667	42
368	88	0.137134	0.0788225	113.7	36.4667	56
369	89	0.132563	0.0753683	113.967	36.9667	48
370	89	0.139512	0.0695315	114.233	36.9667	58
371	90	0.145314	0.0616084	114.5	37.3667	55
372	90	0.119434	0.0568974	114.767	37.3667	48
373	91	0.14619	0.0649205	115	37.7333	46
374	92	0.165609	0.0639408	115.2	38.1	48
375	92	0.148632	0.0569725	115.367	38.1	51
376	96	0.15739	0.0625414	115.6	39.5	29
377	95	0.173805	0.0577244	115.767	38.4667	24
378	94	0.154549	0.0613795	116	38.8333	42
379	96	0.16287	0.0548397	116.2	39.5	33
380	98	0.158249	0.0581961	116.4	40.1667	37
381	97	0.168809	0.0641364	116.6	39.8333	37
382	97	0.15192	0.0627084	116.833	39.8333	43
383	97	0.140128	0.061362	117.067	39.8333	50
384	99	0.139414	0.0596448	117.3	40.5	40
385	98	0.150161	0.0637837	117.567	40.1667	42
386	100	0.168978	0.0669297	117.767	40.7667	37
387	100	0.128698	0.0678704	118	40.7667	39
388	102	0.125674	0.0595614	118.2	41.4	34
389	102	0.136156	0.0620314	118.433	41.4	23
390	109	0.153898	0.0648559	118.6	43.3333	16
391	109	0.139191	0.0701337	118.8	43.3333	18
392	109	0.128769	0.0580005	119	43.3333	23
393	108	0.153597	0.0636766	119.233	43.0667	32
394	109	0.175477	0.0687179	119.4	43.3333	18
395	109	0.142084	0.059078	119.633	43.3333	25
396	109	0.151332	0.0684128	119.867	43.3333	23
397	109	0.123485	0.0784354	120.1	43.3333	22
398	112	0.146348	0.0673918	120.3	44.1	17
399	112	0.139138	0.0594947	120.567	44.1	20
400	109	0.138931	0.0594844	120.867	43.3333	8
401	115	0.138048	0.0678074	121.133	44.7	19
402	118	0.162246	0.0777534	121.433	45.3667	22
403	118	0.158727	0.0653153	121.7	45.3667	29
404	120	0.134572	0.0677703	121.933	45.8333	20
405	118	0.155118	0.0674969	122.167	45.3667	7
406	118	0.176499	0.0528753	122.4	45.3667	15
407	112	0.144338	0.0582167	122.6	44.1	15
408	122	0.16328	0.0488757	122.8	46.3667	16
409	123	0.172919	0.0457408	122.967	46.6	7
410	127	0.176264	0.0469989	123.1	47.1667	19
411	126	0.123967	0.0548547	123.267	47.6	29
412	130	0.170022	0.0493416	123.467	48.9333	8
413	128	0.142094	0.0524584	123.767	48.3	20
414	128	0.143638	0.0544536	124.1	48.3	22
415	129	0.115188	0.0639676	124.567	48.6667	19
416	128	0.156374	0.0618142	125.133	48.3	17
417	133	0.113159	0.0510375	125.767	49.8667	22
418	128	0.148167	0.0527406	126.167	48.3	16
419	133	0.115686	0.0471812	126.633	49.8667	15
420	135	0.183353	0.0583933	126.933	50.4667	22
421	134	0.154603	0.0587779	127.3	50.1667	17
422	138	0.140319	0.0545438	127.633	51.2667	23
423	141	0.155636	0.0627791	127.933	51.9667	7
424	135	0.151186	0.055741	128.233	50.4667	15
425	138	0.143672	0.0556019	128.533	51.2667	18
426	139	0.166528	0.0606343	128.8	51.5	22
427	139	0.153743	0.0521521	129.1	51.5	18
428	145	0.144226	0.0583282	129.433	53.0667	22
429	143	0.163413	0.0509477	129.733	52.5	15
430	143	0.180204	0.04751	129.967	52.5	7
431	156	0.164813	0.0504249	130.2	56.5	0
432	140	0.149304	0.0469552	130.467	51.2667	7
433	151	0.146064	0.0546026	130.767	54.8	19
434	152	0.143293	0.0678695	131.1	55.1	32
435	150	0.145544	0.0546907	131.5	54.5	19
436	152	0.164006	0.0604436	131.9	55.1	32
437	158	0.130432	0.0799035	132.333	57.2	23
438	154	0.147741	0.0613603	132.8	55.8	26
439	155	0.134714	0.0662708	133.2	56.1667	7
440	157	0.175228	0.0897955	133.533	56.8333	39
441	158	0.124535	0.086527	133.933	57.2	59
442	159	0.121632	0.0895557	134.267	57.6	73
443	158	0.113753	0.0895136	134.7	56.5	42
444	159	0.144578	0.0964588	135	56.8333	45
445	161	0.140519	0.0777691	135.367	57.6	44
446	162	0.140742	0.071257	135.767	58.6	30
447	165	0.152002	0.0752843	136.1	59.8333	27
448	163	0.140726	0.071216	136.567	59.0333	36
449	161	0.128329	0.0727526	136.967	57.6	30
450	165	0.145416	0.0749954	137.367	59.8333	30
451	170	0.180231	0.0705673	137.733	61.8333	32
452	178	0.165201	0.0592322	138.1	64.9	24
453	172	0.163771	0.0614245	138.467	61.8333	30
454	176	0.135682	0.0656677	138.9	63.2667	34
455	176	0.143529	0.0639871	139.367	63.2667	30
456	182	0.166469	0.0628928	139.767	66.6333	21
457	180	0.132482	0.0701105	140.133	65.7667	32
458	176	0.153813	0.0654666	140.567	64.1333	37
459	179	0.149689	0.0700368	140.933	65.3333	44
460	181	0.171194	0.0794829	141.3	66.2	39
461	179	0.17803	0.0804914	141.667	65.3333	47
462	184	0.178083	0.0696317	141.967	67.3333	29
463	181	0.179093	0.0834973	142.267	66.2	56
464	184	0.178634	0.0877671	142.6	67.3333	41
465	183	0.169458	0.0771477	142.933	67.0333	36
466	184	0.154149	0.0863793	143.233	67.3333	45
467	185	0.175132	0.0722045	143.567	67.7	44
468	186	0.174254	0.0677286	143.9	68.0667	35
469	186	0.17283	0.0674063	144.267	68.0667	33
470	187	0.151729	0.0726324	144.567	68.5	37
471	191	0.151223	0.0609166	144.867	69.4	21
472	189	0.14398	0.0662399	145.167	69.4	32
473	190	0.145138	0.0700139	145.433	69.8	27
474	190	0.145191	0.0612963	145.7	68.9333	21
475	190	0.157352	0.065343	146	69.8	34
476	191	0.15238	0.0703424	146.3	70.1667	27
477	190	0.176552	0.0571991	146.533	69.8	31
478	191	0.17139	0.0637611	146.733	70.1667	13
479	190	0.170468	0.0593657	146.933	69.8	13
480	459	0.166386	0.0565798	147.167	140.933	7
481	194	0.178819	0.0651702	147.4	70.5667	18
482	195	0.196849	0.0724366	147.633	72.1333	31
483	195	0.184517	0.0851656	147.867	72.1333	26
484	463	0.182414	0.0721653	148.133	142.267	7
485	461	0.193763	0.0756221	148.433	141.667	8
486	461	0.244511	0.0926358	148.767	141.667	7
487	461	0.237128	0.0790081	149.067	141.667	0
488	463	0.171023	0.0618227	149.3	142.267	7
489	467	0.151434	0.0814195	149.7	143.567	13
490	198	0.171683	0.0689175	150.1	73.5333	40
491	202	0.125605	0.0681582	150.567	75.2333	29
492	206	0.125938	0.0692021	151.067	77.1	34
493	207	0.159747	0.0918492	151.6	77.6	25
494	207	0.174806	0.0981093	152.2	76.6667	31
495	207	0.161445	0.113434	152.667	77.6	39
496	207	0.157975	0.142179	153.233	77.6	40
497	209	0.191978	0.121545	154.133	78.8333	43
498	208	0.157148	0.145359	154.8	77.1	35
499	208	0.220208	0.126922	155.2	77.1	35
500	208	0.185149	0.1266	155.567	77.1	30
501	211	0.184596	0.106942	155.9	79.4667	30
502	212	0.202249	0.115554	156.133	79.7333	20
503	212	0.141066	0.0908635	156.3	79.2	34
504	211	0.197434	0.0743721	156.367	78.8333	28
505	211	0.198443	0.0745354	156.433	78.8333	24
506	217	0.160388	0.0786811	156.567	82.1	17
507	212	0.162884	0.0659002	156.7	79.2	15
508	217	0.134563	0.0712348	156.867	82.1	22
509	217	0.123026	0.081845	157.167	82.1	20
510	217	0.183839	0.0885603	157.533	82.1	27
511	218	0.125821	0.0852735	158.167	82.5667	18
512	219	0.127037	0.0890474	158.667	82.1	55
513	221	0.140335	0.0958512	159.167	83.0333	94
514	223	0.0960274	0.109982	159.667	84.4	102
515	224	0.131176	0.113089	160.067	84.9333	132
516	224	0.152584	0.113939	160.367	84.9333	100
517	224	0.139565	0.0979531	160.633	84.9333	81
518	224	0.111111	0.0874788	160.967	85.8333	99
519	22	0.124715	0.0859997	161.3	10.3333	65
520	22	0.139779	0.0897135	161.567	10.3333	59
521	228	0.148714	0.0822702	161.833	87.1667	70
522	30	0.146067	0.0965044	162.1	12.4	41
523	23	0.148807	0.0929738	162.367	10.6333	72
524	28	0.124182	0.0864321	162.667	11.7333	69
525	30	0.133247	0.103215	163.033	12.4	61
526	32	0.157226	0.0934701	163.4	13.0667	72
527	30	0.169368	0.101282	163.8	12.4	52
528	35	0.154518	0.107542	164.167	13.9667	71
529	34	0.149733	0.106072	164.5	13.7	82
530	34	0.158548	0.107142	164.833	13.7	78
531	37	0.142225	0.106264	165.133	14.5333	66
532	38	0.162579	0.103878	165.433	14.8667	68
533	33	0.168119	0.102092	165.733	13.4	43
534	37	0.174796	0.104	166.033	14.5333	70
535	40	0.150248	0.110361	166.333	15.4667	87
536	41	0.155384	0.115226	166.7	15.8333	105
537	41	0.150701	0.127474	167	15.8333	141
538	42	0.162401	0.136236	167.333	16.1333	116
539	43	0.17289	0.12736	167.6	16.3667	97
540	44	0.165911	0.113966	167.867	16.6333	89
541	45	0.167837	0.118613	168.133	16.9	96
542	46	0.167941	0.0894343	168.433	17.2	98
543	46	0.145766	0.0861225	168.733	17.2	80
544	49	0.137249	0.0761016	169.067	18.4333	62
545	50	0.109295	0.075957	169.433	18.9333	69
546	50	0.120692	0.0859418	169.733	18.9333	87
547	51	0.131941	0.0882913	170.033	19.3	80
548	51	0.126791	0.0853253	170.4	19.3	68
549	54	0.11179	0.0953715	170.8	20.5667	67
550	54	0.134873	0.086719	171.167	20.5667	88
551	55	0.146979	0.094971	171.433	21	102
552	57	0.150409	0.114183	171.833	22.2	97
553	57	0.135611	0.112373	172.233	22.2	116
554	57	0.15081	0.10278	172.667	22.2	84
555	59	0.13333	0.100662	173.067	23.2	91
556	59	0.124193	0.08903	173.5	23.2	82
557	59	0.154005	0.0958228	173.9	23.2	62
558	62	0.121628	0.10606	174.333	24.6667	81
559	62	0.150371	0.0988665	174.733	24.6667	84
560	62	0.154277	0.0931559	175.133	24.6667	74
561	65	0.137316	0.0927061	175.533	26.0667	88
562	67	0.159249	0.101716	175.867	27.0333	91
563	65	0.157595	0.101868	176.167	26.0667	73
564	68	0.141916	0.0992453	176.533	27.5333	101
565	70	0.16238	0.104968	176.833	28.4667	103
566	70	0.149613	0.11455	177.2	28.4667	137
567	71	0.143602	0.123213	177.567	28.9667	156
568	72	0.143402	0.113308	177.933	29.4333	160
569	73	0.161571	0.116529	178.233	29.8667	128
570	73	0.156553	0.112981	178.5	29.8667	133
571	75	0.143055	0.100115	178.8	30.6667	119
572	75	0.158057	0.112505	179.067	30.6667	144
573	76	0.155905	0.13523	179.433	31.0333	154
574	78	0.138479	0.115091	179.733	31.8667	106
575	79	0.160529	0.128131	180.1	32.2667	115
576	79	0.151668	0.117066	180.333	32.2667	110
577	81	0.138494	0.112416	180.567	33.0667	109
578	82	0.145416	0.103311	180.9	33.4333	100
579	83	0.125663	0.104443	181.167	33.8667	118
580	84	0.159179	0.108546	181.4	34.2333	115
581	84	0.141671	0.117697	181.7	34.2333	124
582	85	0.133026	0.127002	182	34.6	162
583	86	0.134517	0.12971	182.3	34.9667	130
584	87	0.157207	0.136636	182.533	35.3	160
585	88	0.147761	0.132356	182.867	35.6333	164
586	89	0.133175	0.114368	183.233	36.0667	156
587	90	0.141933	0.128665	183.533	36.4667	148
588	91	0.149141	0.131964	183.867	36.9667	140
589	93	0.15181	0.132385	184.167	37.7333	137
590	93	0.157858	0.149109	184.467	37.7333	136
591	94	0.172257	0.122561	184.7	38.1	141
592	96	0.15483	0.113791	184.967	38.8333	146
593	96	0.149954	0.126628	185.233	38.8333	153
594	97	0.146384	0.112091	185.467	39.2	148
595	99	0.156166	0.131352	185.7	39.8333	120
596	100	0.158545	0.126024	185.933	40.1667	124
597	100	0.14769	0.137325	186.133	40.1667	119
598	101	0.166979	0.116046	186.367	40.5	120
599	101	0.131301	0.101237	186.6	40.5	79
600	104	0.142124	0.110503	186.8	41.4	78
601	105	0.171669	0.0930754	187	41.7	65
602	106	0.175311	0.0904367	187.167	41.9667	71
603	107	0.147027	0.0898313	187.4	42.2333	64
604	107	0.143552	0.0907339	187.633	42.2333	68
605	392	0.160355	0.0808882	187.833	119.4	55
606	392	0.159331	0.0975504	188.033	119.4	49
607	393	0.15549	0.083413	188.267	119.633	57
608	110	0.137117	0.0943179	188.567	43.6333	56
609	399	0.165517	0.093033	188.833	120.567	39
610	113	0.152186	0.0874279	189.067	44.3	47
611	114	0.158754	0.0986138	189.3	44.5	49
612	113	0.171836	0.0822661	189.5	44.3	43
613	117	0.12381	0.0874808	189.767	45.2	64
614	401	0.143189	0.0829727	189.967	121.7	32
615	119	0.106774	0.089952	190.233	45.6	51
616	120	0.175562	0.0963215	190.4	45.8333	50
617	121	0.197576	0.0872681	190.567	46.1333	64
618	121	0.190956	0.0881839	190.667	45.6	39
619	123	0.183757	0.0963107	190.833	46.1333	53
620	124	0.16926	0.087078	191	46.8667	59
621	413	0.152036	0.0879638	191.2	123.767	31
622	125	0.128853	0.0932381	191.4	47.1667	69
623	125	0.11251	0.0761469	191.7	47.1667	56
624	127	0.113431	0.0899507	192	47.9667	67
625	131	0.136998	0.0877938	192.3	48.6667	52
626	131	0.130222	0.0957684	192.567	48.6667	61
627	132	0.133907	0.100696	192.767	48.9333	87
628	132	0.155179	0.0973606	193	48.9333	66
629	133	0.145409	0.114794	193.233	49.2333	92
630	133	0.145729	0.119567	193.533	49.2333	76
631	136	0.175168	0.103687	193.767	50.1667	81
632	137	0.165936	0.106359	194.033	50.4667	79
633	139	0.127548	0.102492	194.333	51	77
634	139	0.160411	0.111891	194.567	51	82
635	140	0.139448	0.111463	194.767	51.2667	75
636	140	0.154191	0.103173	194.967	51.2667	59
637	142	0.153378	0.110082	195.167	51.7333	67
638	144	0.113227	0.100886	195.367	52.2333	78
639	144	0.144453	0.110459	195.567	52.2333	66
640	145	0.166858	0.108855	195.733	52.5	73
641	146	0.16931	0.110397	195.9	52.7667	84
642	147	0.160665	0.127834	196.1	53.0667	114
643	148	0.163416	0.135758	196.333	53.3333	101
644	150	0.146308	0.126735	196.567	53.8333	86
645	151	0.139194	0.114716	196.767	54.2	66
646	151	0.151729	0.108247	197.033	54.2	64
647	152	0.15066	0.113805	197.233	54.5	50
648	153	0.181662	0.112659	197.4	54.8	71
649	154	0.148855	0.128388	197.633	55.1	73
650	155	0.183278	0.119561	197.867	55.4333	63
651	155	0.143638	0.126903	198.167	55.4333	78
652	156	0.131063	0.125564	198.533	55.8	101
653	158	0.159051	0.132717	198.867	56.5	132
654	159	0.129753	0.120965	199.233	56.8333	116
655	160	0.114973	0.119355	199.533	57.2	126
656	161	0.108893	0.113898	199.867	57.6	123
657	162	0.137139	0.113123	200.1	57.9	100
658	163	0.140936	0.121336	200.3	58.2	89
659	163	0.146759	0.10738	200.533	58.2	91
660	164	0.164367	0.110828	200.733	58.6	120
661	165	0.176909	0.130975	200.967	59.0333	112
662	165	0.142448	0.119049	201.233	59.0333	128
663	166	0.132626	0.10532	201.533	59.4667	95
664	168	0.145376	0.103723	201.767	60.2	97
665	168	0.146656	0.111174	202.067	60.2	114
666	169	0.156266	0.107342	202.367	60.5667	112
667	170	0.129446	0.103567	202.7	61.0333	100
668	171	0.13837	0.117356	203.033	61.4333	90
669	172	0.14219	0.107997	203.367	61.8333	87
670	172	0.14227	0.109117	203.633	61.8333	92
671	173	0.137078	0.113146	203.967	62.1667	87
672	454	0.140339	0.105344	204.233	139.767	110
673	177	0.157916	0.108017	204.5	63.7667	88
674	177	0.150581	0.110926	204.833	63.7667	116
675	179	0.150309	0.111521	205.133	64.5333	122
676	179	0.149428	0.11542	205.433	64.5333	121
677	180	0.14939	0.122823	205.7	64.9	133
678	183	0.157777	0.113822	206	66.2	97
679	182	0.146197	0.137894	206.3	65.7667	167
680	183	0.147749	0.139207	206.567	66.2	162
681	183	0.153332	0.134383	206.9	66.2	135
682	184	0.166136	0.144582	207.167	66.6333	191
683	185	0.139977	0.140057	207.467	67.0333	183
684	186	0.135732	0.139785	207.767	67.3333	179
685	188	0.137647	0.12699	208.067	68.0667	155
686	189	0.137527	0.151583	208.4	68.5	136
687	189	0.16132	0.161502	208.733	68.5	138
688	191	0.150202	0.13912	209.1	69.4	109
689	191	0.153005	0.144087	209.4	69.4	129
690	191	0.139534	0.138377	209.767	69.4	137
691	193	0.154433	0.125784	210.067	70.1667	108
692	193	0.142611	0.114798	210.367	70.1667	134
693	194	0.165053	0.149919	210.667	70.5667	125
694	196	0.151418	0.126803	211.033	71.6	109
695	197	0.155253	0.129757	211.4	72.1333	98
696	198	0.172196	0.154281	211.733	72.6	109
697	199	0.153653	0.149076	212.1	73.0667	138
698	199	0.174092	0.152297	212.467	73.0667	133
699	199	0.148277	0.141404	212.8	73.0667	99
700	201	0.148233	0.132598	213.1	74	107
701	201	0.179135	0.15606	213.433	74	101
702	203	0.198349	0.176404	213.733	74.7333	92
703	204	0.222104	0.176199	214.133	75.2333	75
704	205	0.175895	0.184656	214.567	75.7	94
705	206	0.180702	0.181389	214.967	76.2667	81
706	207	0.197411	0.165341	215.367	76.6667	89
707	205	0.201378	0.145659	215.833	75.7	56
708	497	0.193465	0.167062	216.367	154.133	79
709	498	0.186496	0.207909	216.833	154.8	93
710	498	0.203243	0.243239	217.167	154.8	106
711	499	0.176161	0.244429	217.567	155.2	112
712	500	0.209296	0.234043	217.967	155.567	110
713	500	0.190123	0.209077	218.433	155.567	73
714	501	0.169132	0.144814	218.767	155.9	76
715	502	0.178094	0.12373	219.1	156.133	51
716	504	0.131044	0.0947922	219.467	156.367	33
717	503	0.153281	0.114275	219.633	156.3	38
718	504	0.158315	0.103091	219.8	156.367	19
719	508	0.175309	0.0832352	219.9	156.867	7
720	498	0.19112	0.0889682	220.067	155.567	0
721	509	0.262962	0.0694246	220.1	157.167	0
722	508	0.208077	0.0942425	220.233	156.867	7
723	508	0.227619	0.0786714	220.267	156.867	7
724	509	0.223301	0.0688164	220.367	157.167	7
725	508	0.288753	0.0787444	220.4	156.867	0
726	508	0.251351	0.0487896	220.433	156.867	0
727	509	0.254984	0.0718168	220.467	157.167	7
728	509	0.276711	0.0751432	220.5	157.167	0
729	509	0.259269	0.0670576	220.567	157.167	7
730	509	0.24894	0.0795479	220.633	157.167	7
731	509	0.288266	0.062235	220.667	157.167	0
732	216	0.226158	0.0646994	220.7	81.5333	0
733	509	0.184486	0.078016	220.833	157.167	0
734	218	0.307705	0.0645206	220.867	82.5667	0
735	513	0.138565	0.0736951	221.2	160.067	37
736	513	0.278122	0.0853236	221.267	160.067	49
737	513	0.0716872	0.0948381	221.933	160.067	72
738	513	0.107296	0.099529	222.467	160.067	57
739	227	0.0964082	0.106636	223.233	86.8	124
740	229	0.118048	0.111131	224.2	87.4667	127
741	231	0.15302	0.127506	224.567	87.9667	137
742	232	0.100608	0.0791798	224.967	88.2333	76
743	235	0.131633	0.0767736	225.267	88.8667	59
744	236	0.124305	0.0948928	225.5	89.1	59
745	237	0.130027	0.0902712	225.767	89.3667	62
746	237	0.158819	0.0795831	225.933	89.3667	36
747	240	0.129934	0.0674474	226.133	90.3	7
748	236	0.184036	0.0644675	226.233	88.6333	25
749	240	0.181246	0.0717789	226.367	90.3	7
750	239	0.19523	0.0690436	226.467	89.9	15
751	240	0.216948	0.0639499	226.567	90.3	7
752	240	0.210443	0.0580023	226.667	90.3	14
753	240	0.178459	0.0457033	226.767	90.3	7
754	240	0.272519	0.0491688	226.8	90.3	7
755	240	0.207114	0.0577019	226.833	90.3	14
756	241	0.2586	0.0683992	226.9	90.7667	7
757	241	0.217131	0.0506574	227	90.7667	15
758	241	0.185042	0.0666039	227.033	90.7667	16
759	241	0.183553	0.0638587	227.1	90.7667	7
760	241	0.235324	0.0450216	227.133	90.7667	7
761	242	0.242276	0.0435424	227.167	91.0667	7
762	242	0.257495	0.0660838	227.2	91.0667	7
763	242	0.253101	0.0557425	227.233	91.0667	18
764	242	0.25636	0.0698114	227.267	91.0667	7
765	242	0.234155	0.0770256	227.3	91.0667	15
766	242	0.214971	0.0720501	227.333	91.0667	18
767	243	0.220307	0.062749	227.367	91.3333	7
768	242	0.212772	0.058412	227.4	91.0667	7
769	242	0.204202	0.0641679	227.433	91.0667	7
770	243	0.20332	0.0719843	227.467	91.3333	17
771	243	0.22289	0.0725259	227.533	91.3333	7
772	244	0.222995	0.0752392	227.567	91.6333	16
773	244	0.14148	0.0827145	227.7	91.6333	30
774	244	0.221137	0.0794944	227.733	91.6333	40
775	244	0.107886	0.0808689	227.867	91.6333	26
776	245	0.153911	0.0749258	227.967	91.9333	41
777	244	0.148749	0.0609325	228.1	91.6333	7
778	246	0.151637	0.0849317	228.2	92.2333	60
779	247	0.160653	0.0733593	228.333	92.5333	44
780	247	0.119472	0.0709115	228.467	92.5333	62
781	248	0.158897	0.0806828	228.567	92.8	46
782	248	0.127824	0.0819975	228.667	92.8	58
783	249	0.141438	0.0864997	228.8	93.0333	63
784	249	0.194947	0.0910062	228.833	93.0333	63
785	249	0.17481	0.0866872	228.933	93.0333	45
786	249	0.169996	0.0844037	229.033	93.0333	29
787	251	0.178298	0.0839526	229.1	93.5	34
788	252	0.17812	0.0919711	229.2	93.7333	26
789	252	0.150736	0.0957266	229.3	93.7333	34
790	252	0.178282	0.0935574	229.4	93.7333	60
791	253	0.186515	0.0982029	229.533	93.9667	42
792	253	0.198386	0.110665	229.6	93.9667	64
793	254	0.195586	0.0998799	229.7	94.1667	31
794	253	0.219126	0.100055	229.767	93.9667	27
795	253	0.193055	0.102108	229.867	93.9667	25
796	255	0.223696	0.104782	229.9	94.3333	43
797	255	0.17962	0.115589	229.967	94.3333	61
798	253	0.19403	0.0898675	230.033	93.9667	7
799	256	0.19545	0.0862697	230.1	94.5	39
800	256	0.192071	0.0939612	230.167	94.5	53
801	256	0.195809	0.0818574	230.233	94.5	23
802	254	0.201196	0.0777778	230.3	94.1667	0
803	253	0.229536	0.0721802	230.367	93.9667	0
804	252	0.219356	0.0707048	230.433	93.7333	0
805	261	0.201892	0.0629396	230.5	95.4333	0
806	253	0.206578	0.065468	230.567	93.9667	0
807	253	0.199782	0.0764848	230.633	93.9667	0
808	253	0.210253	0.0756197	230.7	93.9667	0
809	256	0.203436	0.0589223	230.767	94.5	0
810	261	0.214021	0.0662472	230.833	95.4333	0
811	261	0.201653	0.0583457	230.9	95.4333	7
812	260	0.193914	0.0565034	230.967	95.2667	16
813	253	0.204934	0.0649047	231.033	93.9667	0
814	253	0.223024	0.0749138	231.1	93.9667	0
815	792	0.193871	0.0538351	231.167	229.6	0
816	253	0.182688	0.0684393	231.233	93.9667	0
817	794	0.159445	0.0578798	231.3	229.9	0
818	795	0.172165	0.055364	231.4	229.967	0
819	798	0.180285	0.0751135	231.5	230.033	0
820	794	0.200904	0.0617241	231.567	229.9	0
821	800	0.139832	0.0501771	231.667	230.3	0
822	261	0.128734	0.0544217	231.767	95.4333	14
823	796	0.128959	0.0624479	231.867	229.9	0
824	800	0.149691	0.0509884	232	230.167	0
825	795	0.194244	0.0435085	232.167	229.967	0
826	795	0.129405	0.0379981	232.8	229.867	0
827	803	0.138799	0.0576454	233	230.367	0
828	800	0.169322	0.0462474	234.367	230.167	0
829	803	0.135691	0.0513456	235.2	230.367	7
830	263	0.169512	0.0650056	236.5	95.8333	22
831	267	0.164116	0.0568914	241.267	96.2	0
832	798	0.15175	0.0495727	242.4	230.033	7
833	263	0.189463	0.0501719	244.8	95.8333	17
834	796	0.179371	0.0499784	245.1	229.9	0
835	263	0.149312	0.0486196	246.2	95.8333	7
836	262	0.210119	0.0509423	246.267	95.6333	0
837	811	0.255495	0.0454865	246.3	230.9	0
838	263	0.198436	0.0471032	247.467	95.8333	7
839	818	0.181241	0.0513833	248.433	231.4	15
840	269	0.157562	0.0462461	248.6	96.8333	0
841	819	0.126329	0.054547	248.867	231.5	8
842	263	0.130329	0.0566302	249.067	95.8333	31
843	252	0.158901	0.0558706	249.3	93.7333	0
844	263	0.145621	0.0574278	249.6	95.8333	16
845	264	0.170147	0.061959	249.867	96.0333	18
846	259	0.148973	0.066595	250.133	94.7	0
847	266	0.159876	0.0659748	250.5	96.0333	8
848	264	0.174318	0.0677294	251.267	96.0333	25
